3.647565779999999904e+03 2.009700000000000145e-16
3.653083709000000454e+03 2.278669999999999909e-16
3.658601636999999755e+03 2.392819999999999999e-16
3.664119565999999850e+03 2.153970000000000072e-16
3.669637495000000399e+03 1.626300000000000167e-16
3.675155422999999701e+03 2.212439999999999916e-16
3.680673352000000250e+03 2.023140000000000222e-16
3.686191279999999551e+03 1.908380000000000010e-16
3.691709209000000556e+03 1.805509999999999878e-16
3.697227138000000195e+03 2.326379999999999850e-16
3.702745065999999497e+03 2.724859999999999967e-16
3.708262995000000501e+03 2.324459999999999910e-16
3.713780922999999802e+03 2.670629999999999971e-16
3.719298852000000352e+03 1.932429999999999878e-16
3.724816781000000447e+03 1.207670000000000107e-16
3.730334709000000203e+03 1.478609999999999931e-16
3.735852638000000297e+03 1.800070000000000129e-16
3.741370565999999599e+03 1.702029999999999871e-16
3.746888495000000148e+03 2.099169999999999901e-16
3.752406424000000243e+03 1.916890000000000221e-16
3.757924352000000454e+03 1.973099999999999955e-16
3.763442281000000094e+03 2.796809999999999588e-16
3.768960209000000305e+03 3.300700000000000071e-16
3.774478138000000399e+03 3.170699999999999930e-16
3.779996067000000039e+03 3.187029999999999843e-16
3.785513995000000250e+03 3.104970000000000142e-16
3.791031924000000345e+03 3.847569999999999627e-16
3.796549852000000101e+03 2.760259999999999517e-16
3.802067781000000195e+03 3.309099999999999872e-16
3.807585710000000290e+03 3.541159999999999545e-16
3.813103638000000046e+03 3.456700000000000042e-16
3.818621567000000141e+03 2.984830000000000225e-16
3.824139495000000352e+03 2.884340000000000539e-16
3.829657423999999992e+03 3.331639999999999938e-16
3.835175353000000086e+03 2.982750000000000002e-16
3.840693281000000297e+03 2.977070000000000075e-16
3.846211209999999937e+03 2.802780000000000058e-16
3.851729138000000148e+03 3.377100000000000188e-16
3.857247067000000243e+03 3.940480000000000282e-16
3.862764995999999883e+03 4.521730000000000606e-16
3.868282924000000094e+03 4.663260000000000561e-16
3.873800853000000188e+03 4.611749999999999454e-16
3.879318781000000399e+03 3.517319999999999832e-16
3.884836710000000039e+03 3.864019999999999628e-16
3.890354639000000134e+03 3.402540000000000262e-16
3.895872567000000345e+03 2.590849999999999984e-16
3.901390495999999985e+03 2.398710000000000081e-16
3.906908424000000196e+03 2.095759999999999763e-16
3.912426353000000290e+03 2.058590000000000137e-16
3.917944281999999930e+03 1.735549999999999921e-16
3.923462210000000141e+03 1.910090000000000041e-16
3.928980139000000236e+03 1.586679999999999880e-16
3.934498066999999992e+03 1.756779999999999923e-16
3.940015996000000086e+03 1.753779999999999923e-16
3.945533925000000181e+03 2.014499999999999997e-16
3.951051852999999937e+03 1.960550000000000126e-16
3.956569782000000032e+03 2.310460000000000077e-16
3.962087710000000243e+03 2.768999999999999734e-16
3.967605638999999883e+03 2.724509999999999872e-16
3.973123567999999977e+03 3.042850000000000229e-16
3.978641496000000188e+03 3.377600000000000393e-16
3.984159424999999828e+03 3.447159999999999891e-16
3.989677353000000039e+03 3.787399999999999676e-16
3.995195282000000134e+03 3.222190000000000201e-16
4.000713210999999774e+03 2.965629999999999834e-16
4.006231138999999985e+03 3.204490000000000426e-16
4.011749068000000079e+03 3.253020000000000152e-16
4.017266996000000290e+03 3.091659999999999833e-16
4.022784924999999930e+03 3.278469999999999412e-16
4.028302854000000025e+03 3.312610000000000002e-16
4.033820782000000236e+03 3.338319999999999290e-16
4.039338710999999876e+03 3.042350000000000024e-16
4.044856639000000087e+03 2.738590000000000093e-16
4.050374568000000181e+03 3.222700000000000085e-16
4.055892496999999821e+03 2.895680000000000049e-16
4.061410425000000032e+03 3.530069999999999891e-16
4.066928354000000127e+03 3.445430000000000255e-16
4.072446281999999883e+03 4.100380000000000179e-16
4.077964210999999978e+03 3.906290000000000313e-16
4.083482140000000072e+03 3.759900000000000216e-16
4.089000067999999828e+03 3.924659999999999761e-16
4.094517996999999923e+03 3.768490000000000322e-16
4.100035925000000134e+03 3.291400000000000097e-16
4.105553853999999774e+03 3.136279999999999955e-16
4.111071782999999414e+03 2.852020000000000144e-16
4.116589710999999625e+03 2.917079999999999765e-16
4.122107640000000174e+03 2.664849999999999806e-16
4.127625568000000385e+03 2.534149999999999970e-16
4.133143497000000025e+03 2.279859999999999638e-16
4.138661425999999665e+03 2.395559999999999724e-16
4.144179353999999876e+03 2.039050000000000070e-16
4.149697282999999516e+03 1.892929999999999926e-16
4.155215210999999726e+03 1.832299999999999965e-16
4.160733140000000276e+03 2.011159999999999828e-16
4.166251068999999916e+03 2.233380000000000114e-16
4.171768997000000127e+03 2.251780000000000078e-16
4.177286925999999767e+03 2.630289999999999892e-16
4.182804853999999978e+03 2.796740000000000358e-16
4.188322782999999617e+03 2.746830000000000105e-16
4.193840712000000167e+03 2.931629999999999676e-16
4.199358639999999468e+03 3.169270000000000023e-16
4.204876569000000018e+03 2.929600000000000312e-16
4.210394497000000229e+03 2.952700000000000135e-16
4.215912425999999869e+03 2.634969999999999901e-16
4.221430354999999508e+03 2.647619999999999722e-16
4.226948282999999719e+03 2.490959999999999755e-16
4.232466211999999359e+03 2.468749999999999933e-16
4.237984139999999570e+03 2.415999999999999717e-16
4.243502069000000120e+03 2.309820000000000425e-16
4.249019997999999759e+03 2.218620000000000048e-16
4.254537925999999970e+03 2.258309999999999811e-16
4.260055854999999610e+03 2.328890000000000555e-16
4.265573782999999821e+03 2.328929999999999763e-16
4.271091711999999461e+03 2.318549999999999977e-16
4.276609641000000011e+03 2.401609999999999595e-16
4.282127568999999312e+03 2.337439999999999975e-16
4.287645497999999861e+03 2.811259999999999754e-16
4.293163426000000072e+03 3.370080000000000421e-16
4.298681354999999712e+03 3.759190000000000348e-16
4.304199284000000262e+03 3.578490000000000193e-16
4.309717211999999563e+03 3.961680000000000509e-16
4.315235140999999203e+03 4.006029999999999937e-16
4.320753068999999414e+03 3.398819999999999484e-16
4.326270997999999963e+03 3.166179999999999711e-16
4.331788927000000513e+03 2.951060000000000073e-16
4.337306854999999814e+03 2.778640000000000123e-16
4.342824784000000363e+03 2.728439999999999820e-16
4.348342711999999665e+03 2.356970000000000116e-16
4.353860640999999305e+03 2.569139999999999874e-16
4.359378569999999854e+03 2.361250000000000158e-16
4.364896498000000065e+03 2.857620000000000176e-16
4.370414427000000614e+03 2.658990000000000240e-16
4.375932354999999916e+03 2.706679999999999837e-16
4.381450284000000465e+03 2.836380000000000249e-16
4.386968213000000105e+03 2.592759999999999753e-16
4.392486140999999407e+03 2.767870000000000048e-16
4.398004069999999956e+03 2.514619999999999828e-16
4.403521997999999257e+03 2.641009999999999600e-16
4.409039927000000716e+03 2.760740000000000365e-16
4.414557856000000356e+03 3.005150000000000129e-16
4.420075784000000567e+03 3.063529999999999907e-16
4.425593713000000207e+03 2.966490000000000306e-16
4.431111640999999508e+03 -5.927470000000000400e-17
4.436629570000000058e+03 2.333970000000000038e-16
4.442147499000000607e+03 3.503119999999999522e-16
4.447665426999999909e+03 3.569569999999999842e-16
4.453183356000000458e+03 3.252040000000000085e-16
4.458701284000000669e+03 3.229250000000000162e-16
4.464219213000000309e+03 2.858890000000000293e-16
4.469737141999999949e+03 2.633729999999999805e-16
4.475255070000000160e+03 2.310670000000000232e-16
4.480772998999999800e+03 2.158699999999999953e-16
4.486290927000000011e+03 1.963920000000000070e-16
4.491808856000000560e+03 1.902820000000000172e-16
4.497326785000000200e+03 1.928520000000000027e-16
4.502844713000000411e+03 1.719679999999999773e-16
4.508362642000000051e+03 1.579890000000000119e-16
4.513880570000000262e+03 1.845440000000000312e-16
4.519398498999999902e+03 1.526309999999999947e-16
4.524916428000000451e+03 1.502670000000000217e-16
4.530434356000000662e+03 1.598390000000000075e-16
4.535952285000000302e+03 1.369020000000000008e-16
4.541470213000000513e+03 1.500139999999999908e-16
4.546988142000000153e+03 1.836750000000000214e-16
4.552506070999999793e+03 1.660709999999999971e-16
4.558023999000000003e+03 1.610530000000000011e-16
4.563541928000000553e+03 1.897309999999999713e-16
4.569059855999999854e+03 2.065829999999999985e-16
4.574577785000000404e+03 2.307549999999999897e-16
4.580095714000000044e+03 2.579800000000000032e-16
4.585613642000000254e+03 2.532070000000000240e-16
4.591131570999999894e+03 2.657800000000000017e-16
4.596649499000000105e+03 2.348619999999999695e-16
4.602167427999999745e+03 2.255890000000000158e-16
4.607685357000000295e+03 2.547499999999999980e-16
4.613203285000000506e+03 2.700940000000000359e-16
4.618721214000000145e+03 2.726330000000000068e-16
4.624239142000000356e+03 2.807150000000000166e-16
4.629757070999999996e+03 2.645379999999999709e-16
4.635274999999999636e+03 2.988329999999999690e-16
4.640792927999999847e+03 2.928819999999999735e-16
4.646310857000000397e+03 2.976610000000000064e-16
4.651828784999999698e+03 3.174470000000000088e-16
4.657346714000000247e+03 3.448109999999999936e-16
4.662864642999999887e+03 3.805740000000000089e-16
4.668382571000000098e+03 4.214450000000000374e-16
4.673900499999999738e+03 4.870350000000000343e-16
4.679418427999999949e+03 5.401480000000000751e-16
4.684936356999999589e+03 5.671660000000000341e-16
4.690454286000000138e+03 6.035550000000000028e-16
4.695972214000000349e+03 5.721369999999999132e-16
4.701490142999999989e+03 5.997649999999999945e-16
4.707008071000000200e+03 5.447519999999999622e-16
4.712525999999999840e+03 5.240489999999999885e-16
4.718043928999999480e+03 5.279319999999999177e-16
4.723561856999999691e+03 5.154849999999999345e-16
4.729079786000000240e+03 5.150440000000000522e-16
4.734597714000000451e+03 5.330279999999999713e-16
4.740115643000000091e+03 5.651510000000000398e-16
4.745633571999999731e+03 5.714859999999999742e-16
4.751151499999999942e+03 5.575410000000000010e-16
4.756669428999999582e+03 5.940180000000001005e-16
4.762187356999999793e+03 5.879680000000000318e-16
4.767705286000000342e+03 5.876460000000000238e-16
4.773223214999999982e+03 6.059210000000000101e-16
4.778741143000000193e+03 5.467209999999999553e-16
4.784259071999999833e+03 5.335219999999999750e-16
4.789777000000000044e+03 4.931299999999999884e-16
4.795294928999999684e+03 4.365330000000000175e-16
4.800812858000000233e+03 3.626680000000000488e-16
4.806330785999999534e+03 3.187190000000000125e-16
4.811848715000000084e+03 3.150309999999999810e-16
4.817366643000000295e+03 2.971390000000000149e-16
4.822884571999999935e+03 2.910470000000000137e-16
4.828402500999999575e+03 2.868350000000000056e-16
4.833920428999999785e+03 2.781899999999999904e-16
4.839438357999999425e+03 3.029169999999999975e-16
4.844956285999999636e+03 3.196349999999999667e-16
4.850474215000000186e+03 3.370430000000000022e-16
4.855992143999999826e+03 3.461810000000000040e-16
4.861510072000000036e+03 3.932150000000000204e-16
4.867028000999999676e+03 3.928369999999999875e-16
4.872545928999999887e+03 3.848680000000000447e-16
4.878063857999999527e+03 3.790369999999999900e-16
4.883581787000000077e+03 3.481239999999999943e-16
4.889099715000000288e+03 3.011220000000000344e-16
4.894617643999999927e+03 2.692729999999999877e-16
4.900135572000000138e+03 2.411629999999999608e-16
4.905653500999999778e+03 2.535929999999999971e-16
4.911171429999999418e+03 2.629489999999999957e-16
4.916689357999999629e+03 2.566740000000000072e-16
4.922207287000000179e+03 2.816089999999999874e-16
4.927725214999999480e+03 3.236670000000000389e-16
4.933243144000000029e+03 3.410499999999999902e-16
4.938761072999999669e+03 3.713359999999999661e-16
4.944279000999999880e+03 3.769329999999999957e-16
4.949796929999999520e+03 3.897269999999999724e-16
4.955314857999999731e+03 3.995919999999999858e-16
4.960832786999999371e+03 4.121409999999999951e-16
4.966350715999999920e+03 4.053790000000000244e-16
4.971868644000000131e+03 3.577359999999999521e-16
4.977386572999999771e+03 3.347990000000000194e-16
4.982904500999999982e+03 3.005500000000000224e-16
4.988422429999999622e+03 3.039829999999999640e-16
4.993940359000000171e+03 2.751020000000000080e-16
4.999458286999999473e+03 2.773090000000000457e-16
5.004976216000000022e+03 2.727230000000000240e-16
5.010494143999999324e+03 2.961520000000000247e-16
5.016012072999999873e+03 3.208009999999999742e-16
5.021530002000000422e+03 3.368669999999999871e-16
5.027047929999999724e+03 3.476350000000000272e-16
5.032565859000000273e+03 3.827760000000000099e-16
5.038083786999999575e+03 3.424069999999999746e-16
5.043601715999999215e+03 3.728369999999999583e-16
5.049119645000000673e+03 3.692730000000000349e-16
5.054637572999999975e+03 3.863559999999999616e-16
5.060155502000000524e+03 3.826849999999999755e-16
5.065673429999999826e+03 3.629659999999999898e-16
5.071191359000000375e+03 3.800030000000000633e-16
5.076709288000000015e+03 3.593399999999999877e-16
5.082227215999999316e+03 3.709369999999999669e-16
5.087745144999999866e+03 3.198909999999999752e-16
5.093263073000000077e+03 3.109820000000000113e-16
5.098781002000000626e+03 3.322240000000000219e-16
5.104298931000000266e+03 3.125440000000000157e-16
5.109816859000000477e+03 3.030640000000000076e-16
5.115334788000000117e+03 2.937920000000000218e-16
5.120852715999999418e+03 2.677810000000000021e-16
5.126370644999999968e+03 2.531620000000000400e-16
5.131888574000000517e+03 2.371300000000000193e-16
5.137406502000000728e+03 2.140759999999999755e-16
5.142924431000000368e+03 2.060449999999999787e-16
5.148442359000000579e+03 2.120550000000000260e-16
5.153960288000000219e+03 2.268749999999999641e-16
5.159478216999999859e+03 2.132859999999999912e-16
5.164996145000000070e+03 2.437509999999999843e-16
5.170514074000000619e+03 2.528259999999999888e-16
5.176032001999999920e+03 2.493499999999999990e-16
5.181549931000000470e+03 2.680740000000000051e-16
5.187067860000000110e+03 2.918130000000000049e-16
5.192585788000000321e+03 2.573709999999999966e-16
5.198103716999999961e+03 2.483789999999999878e-16
5.203621645000000171e+03 2.915529999999999770e-16
5.209139573999999811e+03 2.831410000000000190e-16
5.214657503000000361e+03 2.714240000000000003e-16
5.220175431000000572e+03 2.755160000000000183e-16
5.225693360000000212e+03 2.735740000000000451e-16
5.231211288000000422e+03 2.648209999999999500e-16
5.236729217000000062e+03 2.621319999999999669e-16
5.242247145999999702e+03 2.568660000000000012e-16
5.247765073999999913e+03 2.545040000000000133e-16
5.253283003000000463e+03 2.481689999999999804e-16
5.258800931000000674e+03 2.635600000000000366e-16
5.264318860000000313e+03 2.549059999999999654e-16
5.269836788999999953e+03 2.724440000000000149e-16
5.275354717000000164e+03 2.759090000000000131e-16
5.280872645999999804e+03 2.684349999999999926e-16
5.286390574000000015e+03 2.676659999999999992e-16
5.291908503000000564e+03 2.695180000000000045e-16
5.297426432000000204e+03 2.656159999999999955e-16
5.302944360000000415e+03 2.966690000000000289e-16
5.308462289000000055e+03 3.149199999999999975e-16
5.313980217000000266e+03 3.161359999999999763e-16
5.319498145999999906e+03 3.262219999999999887e-16
5.325016074999999546e+03 3.285719999999999677e-16
5.330534002999999757e+03 3.673569999999999659e-16
5.336051932000000306e+03 3.716069999999999856e-16
5.341569860000000517e+03 3.592789999999999754e-16
5.347087789000000157e+03 3.916640000000000076e-16
5.352605717999999797e+03 4.103169999999999776e-16
5.358123646000000008e+03 4.574240000000000152e-16
5.363641574999999648e+03 4.527259999999999929e-16
5.369159502999999859e+03 4.290059999999999743e-16
5.374677432000000408e+03 4.510309999999999722e-16
5.380195361000000048e+03 4.557600000000000339e-16
5.385713289000000259e+03 4.085149999999999436e-16
5.391231217999999899e+03 4.228469999999999564e-16
5.396749146000000110e+03 4.000580000000000017e-16
5.402267074999999750e+03 4.052969999999999474e-16
5.407785004000000299e+03 4.032019999999999104e-16
5.413302931999999601e+03 4.401600000000000368e-16
5.418820861000000150e+03 4.452700000000000350e-16
5.424338789000000361e+03 4.601130000000000476e-16
5.429856718000000001e+03 4.489600000000000023e-16
5.435374646999999641e+03 4.613290000000000264e-16
5.440892574999999852e+03 4.937119999999999256e-16
5.446410503999999491e+03 4.754680000000000773e-16
5.451928431999999702e+03 4.725659999999999366e-16
5.457446361000000252e+03 4.614899999999999318e-16
5.462964289999999892e+03 4.415459999999999276e-16
5.468482218000000103e+03 4.569509999999999777e-16
5.474000146999999743e+03 4.173859999999999452e-16
5.479518074999999953e+03 3.937299999999999903e-16
5.485036003999999593e+03 4.010939999999999952e-16
5.490553933000000143e+03 3.845390000000000151e-16
5.496071861000000354e+03 3.793890000000000202e-16
5.501589789999999994e+03 3.766259999999999988e-16
5.507107718000000204e+03 3.839609999999999986e-16
5.512625646999999844e+03 3.983540000000000237e-16
5.518143575999999484e+03 4.149470000000000154e-16
5.523661503999999695e+03 4.380630000000000147e-16
5.529179433000000245e+03 4.452009999999999347e-16
5.534697360999999546e+03 4.641899999999999559e-16
5.540215290000000095e+03 4.809269999999999555e-16
5.545733218999999735e+03 5.106269999999999254e-16
5.551251146999999946e+03 5.021070000000000354e-16
5.556769075999999586e+03 5.213470000000000286e-16
5.562287003999999797e+03 5.098709999999999581e-16
5.567804932999999437e+03 5.043139999999999745e-16
5.573322861999999986e+03 5.425369999999999844e-16
5.578840790000000197e+03 4.754869999999999105e-16
5.584358718999999837e+03 5.335219999999999750e-16
5.589876647000000048e+03 5.044330000000000460e-16
5.595394575999999688e+03 5.118759999999999778e-16
5.600912504999999328e+03 4.780540000000000171e-16
5.606430432999999539e+03 4.679450000000000534e-16
5.611948362000000088e+03 4.785199999999999344e-16
5.617466290000000299e+03 4.533109999999999817e-16
5.622984218999999939e+03 4.521870000000000052e-16
5.628502147999999579e+03 4.325469999999999957e-16
5.634020075999999790e+03 4.230490000000000729e-16
5.639538004999999430e+03 4.313680000000000608e-16
5.645055932999999641e+03 4.093809999999999265e-16
5.650573861999999281e+03 3.818750000000000176e-16
5.656091790999999830e+03 4.255780000000000692e-16
5.661609719000000041e+03 4.130640000000000694e-16
5.667127647999999681e+03 4.425399999999999887e-16
5.672645575999999892e+03 4.440019999999999521e-16
5.678163504999999532e+03 4.332930000000000378e-16
5.683681434000000081e+03 4.380580000000000275e-16
5.689199361999999383e+03 4.599790000000000143e-16
5.694717290999999932e+03 4.722380000000000228e-16
5.700235219000000143e+03 4.450249999999999689e-16
5.705753147999999783e+03 4.623599999999999834e-16
5.711271077000000332e+03 4.655009999999999885e-16
5.716789004999999634e+03 4.501980000000000630e-16
5.722306934000000183e+03 4.426830000000000780e-16
5.727824861999999484e+03 4.692549999999999702e-16
5.733342791000000034e+03 4.401500000000000623e-16
5.738860720000000583e+03 4.645349999999999645e-16
5.744378647999999885e+03 4.455539999999999820e-16
5.749896577000000434e+03 4.244590000000000307e-16
5.755414504999999735e+03 4.325830000000000716e-16
5.760932434000000285e+03 4.054389999999999702e-16
5.766450362999999925e+03 3.711969999999999455e-16
5.771968290999999226e+03 3.833769999999999777e-16
5.777486220000000685e+03 3.922609999999999560e-16
5.783004147999999986e+03 3.550719999999999546e-16
5.788522077000000536e+03 3.461399999999999901e-16
5.794040006000000176e+03 3.489859999999999579e-16
5.799557934000000387e+03 3.271039999999999999e-16
5.805075863000000027e+03 3.304499999999999758e-16
5.810593790999999328e+03 3.189099999999999894e-16
5.816111719999999877e+03 3.241319999999999883e-16
5.821629649000000427e+03 3.306559999999999637e-16
5.827147577000000638e+03 3.617939999999999778e-16
5.832665506000000278e+03 3.629210000000000058e-16
5.838183434000000489e+03 3.579639999999999728e-16
5.843701363000000129e+03 3.761440000000000533e-16
5.849219291999999768e+03 3.843040000000000222e-16
5.854737219999999979e+03 3.783599999999999989e-16
5.860255149000000529e+03 3.753849999999999851e-16
5.865773077000000740e+03 3.803309999999999771e-16
5.871291006000000380e+03 3.859069999999999419e-16
5.876808935000000019e+03 3.807900000000000207e-16
5.882326863000000230e+03 4.041350000000000578e-16
5.887844791999999870e+03 4.035369999999999444e-16
5.893362720000000081e+03 3.913530000000000407e-16
5.898880649000000631e+03 4.072610000000000025e-16
5.904398578000000271e+03 4.072280000000000274e-16
5.909916506000000481e+03 4.127900000000000476e-16
5.915434435000000121e+03 4.359910000000000276e-16
5.920952363000000332e+03 4.320959999999999416e-16
5.926470291999999972e+03 4.189250000000000477e-16
5.931988221000000522e+03 4.205530000000000517e-16
5.937506148999999823e+03 4.122860000000000201e-16
5.943024078000000372e+03 3.907650000000000003e-16
5.948542006000000583e+03 3.755250000000000229e-16
5.954059935000000223e+03 3.793780000000000285e-16
5.959577863999999863e+03 3.765919999999999572e-16
5.965095792000000074e+03 3.731799999999999818e-16
5.970613720999999714e+03 3.841430000000000182e-16
5.976131648999999925e+03 4.033970000000000052e-16
5.981649578000000474e+03 4.050330000000000480e-16
5.987167507000000114e+03 4.042380000000000518e-16
5.992685435000000325e+03 4.123840000000000268e-16
5.998203363999999965e+03 4.192569999999999809e-16
6.003721292999999605e+03 4.372899999999999527e-16
6.009239220999999816e+03 4.034069999999999798e-16
6.014757150000000365e+03 4.079060000000000357e-16
6.020275077999999667e+03 3.912080000000000649e-16
6.025793007000000216e+03 4.009660000000000156e-16
6.031310935000000427e+03 4.009480000000000023e-16
6.036828864000000067e+03 3.628830000000000435e-16
6.042346792999999707e+03 3.630130000000000081e-16
6.047864720999999918e+03 3.491090000000000488e-16
6.053382649999999558e+03 3.226279999999999938e-16
6.058900577999999769e+03 3.373699999999999975e-16
6.064418507000000318e+03 3.530050000000000040e-16
6.069936435999999958e+03 3.296459999999999730e-16
6.075454364000000169e+03 3.148159999999999864e-16
6.080972292999999809e+03 3.262469999999999743e-16
6.086490221999999449e+03 2.917079999999999765e-16
6.092008149999999659e+03 2.781740000000000114e-16
6.097526079000000209e+03 2.761880000000000221e-16
6.103044007000000420e+03 2.733319999999999812e-16
6.108561936000000060e+03 2.859559999999999474e-16
6.114079864999999700e+03 2.659229999999999924e-16
6.119597792999999911e+03 2.735269999999999775e-16
6.125115721999999550e+03 2.781079999999999626e-16
6.130633649999999761e+03 2.954910000000000126e-16
6.136151579000000311e+03 3.102010000000000090e-16
6.141669506999999612e+03 3.379480000000000633e-16
6.147187436000000162e+03 3.296430000000000200e-16
6.152705364999999802e+03 3.674169999999999609e-16
6.158223293000000012e+03 3.710059999999999686e-16
6.163741221999999652e+03 3.741049999999999919e-16
6.169259151000000202e+03 4.113380000000000094e-16
6.174777078999999503e+03 4.283710000000000142e-16
6.180295008000000053e+03 3.725159999999999675e-16
6.185812936000000263e+03 3.671500000000000101e-16
6.191330864999999903e+03 3.445630000000000238e-16
6.196848793999999543e+03 3.262720000000000092e-16
6.202366721999999754e+03 3.098329999999999999e-16
6.207884650999999394e+03 2.907850000000000008e-16
6.213402578999999605e+03 2.988470000000000123e-16
6.218920508000000154e+03 3.003450000000000023e-16
6.224438436999999794e+03 3.039589999999999955e-16
6.229956365000000005e+03 3.356989999999999946e-16
6.235474293999999645e+03 3.448500000000000224e-16
6.240992221999999856e+03 3.457959999999999987e-16
6.246510150999999496e+03 3.778489999999999991e-16
6.252028080000000045e+03 3.995819999999999620e-16
6.257546008000000256e+03 4.148049999999999433e-16
6.263063936999999896e+03 4.082240000000000736e-16
6.268581865000000107e+03 3.972449999999999597e-16
6.274099793999999747e+03 4.009240000000000339e-16
6.279617722999999387e+03 3.751149999999999827e-16
6.285135650999999598e+03 3.671360000000000161e-16
6.290653580000000147e+03 3.736759999999999705e-16
6.296171507999999449e+03 3.652130000000000241e-16
6.301689436999999998e+03 3.585709999999999943e-16
6.307207365999999638e+03 3.288240000000000061e-16
6.312725293999999849e+03 3.322260000000000070e-16
6.318243222999999489e+03 3.182459999999999751e-16
6.323761150999999700e+03 3.167509999999999873e-16
6.329279079999999340e+03 3.218119999999999821e-16
6.334797009000000799e+03 2.909409999999999682e-16
6.340314937000000100e+03 2.995300000000000078e-16
6.345832865999999740e+03 3.013170000000000307e-16
6.351350793999999951e+03 2.964410000000000083e-16
6.356868722999999591e+03 2.984040000000000463e-16
6.362386652000000140e+03 2.891829999999999996e-16
6.367904579999999441e+03 2.920109999999999540e-16
6.373422508999999991e+03 2.858350000000000387e-16
6.378940436999999292e+03 2.858800000000000226e-16
6.384458365999999842e+03 3.086330000000000001e-16
6.389976295000000391e+03 2.734059999999999702e-16
6.395494222999999693e+03 2.709640000000000382e-16
6.401012152000000242e+03 2.997729999999999902e-16
6.406530079999999543e+03 2.838359999999999740e-16
6.412048009000000093e+03 2.690620000000000124e-16
6.417565938000000642e+03 2.772590000000000251e-16
6.423083865999999944e+03 2.807879999999999884e-16
6.428601795000000493e+03 2.750949999999999864e-16
6.434119722999999794e+03 2.839420000000000195e-16
6.439637652000000344e+03 2.880199999999999943e-16
6.445155580999999984e+03 3.073979999999999909e-16
6.450673509000000195e+03 2.977779999999999943e-16
6.456191437999999835e+03 2.939810000000000137e-16
6.461709366000000045e+03 3.114529999999999651e-16
6.467227295000000595e+03 3.001450000000000188e-16
6.472745224000000235e+03 3.017540000000000416e-16
6.478263152000000446e+03 3.007829999999999810e-16
6.483781081000000086e+03 3.249279999999999523e-16
6.489299009000000297e+03 3.358869999999999692e-16
6.494816937999999936e+03 3.303790000000000383e-16
6.500334867000000486e+03 3.502349999999999610e-16
6.505852795000000697e+03 3.674580000000000241e-16
6.511370724000000337e+03 3.888790000000000028e-16
6.516888652000000548e+03 3.880569999999999867e-16
6.522406581000000187e+03 4.074680000000000077e-16
6.527924509999999827e+03 4.142569999999999983e-16
6.533442438000000038e+03 3.969269999999999711e-16
6.538960367000000588e+03 4.068859999999999718e-16
6.544478294999999889e+03 3.923440000000000502e-16
6.549996224000000439e+03 3.971680000000000178e-16
6.555514153000000078e+03 3.774999999999999712e-16
6.561032081000000289e+03 3.536000000000000167e-16
6.566550009999999929e+03 3.612119999999999420e-16
6.572067938000000140e+03 3.415959999999999502e-16
6.577585866999999780e+03 3.475969999999999663e-16
6.583103796000000330e+03 3.596069999999999879e-16
6.588621724000000540e+03 3.270939999999999761e-16
6.594139653000000180e+03 3.556099999999999744e-16
6.599657581000000391e+03 3.367130000000000541e-16
6.605175510000000031e+03 3.346990000000000276e-16
6.610693438999999671e+03 3.444019999999999705e-16
6.616211366999999882e+03 3.640189999999999795e-16
6.621729296000000431e+03 3.731360000000000150e-16
6.627247224000000642e+03 3.739949999999999763e-16
6.632765153000000282e+03 3.681219999999999892e-16
6.638283081999999922e+03 3.947099999999999589e-16
6.643801010000000133e+03 4.002740000000000134e-16
6.649318938999999773e+03 3.855100000000000264e-16
6.654836866999999984e+03 3.972259999999999785e-16
6.660354796000000533e+03 3.914780000000000180e-16
6.665872725000000173e+03 3.939780000000000094e-16
6.671390653000000384e+03 3.797740000000000255e-16
6.676908582000000024e+03 3.915139999999999953e-16
6.682426510000000235e+03 3.942850000000000063e-16
6.687944438999999875e+03 3.760840000000000089e-16
6.693462368000000424e+03 3.982990000000000159e-16
6.698980295999999726e+03 3.961569999999999606e-16
6.704498225000000275e+03 3.939079999999999905e-16
6.710016153000000486e+03 4.032959999999999963e-16
6.715534081999999216e+03 3.796480000000000309e-16
6.721052010999999766e+03 3.506630000000000145e-16
6.726569938999999977e+03 3.950349999999999691e-16
6.732087868000000526e+03 3.905089999999999918e-16
6.737605795999998918e+03 3.457289999999999821e-16
6.743123725000000377e+03 3.615699999999999766e-16
6.748641654000000926e+03 3.469199999999999752e-16
6.754159581999999318e+03 3.253350000000000396e-16
6.759677510999999868e+03 3.210700000000000087e-16
6.765195439000000079e+03 2.978079999999999672e-16
6.770713368000000628e+03 3.071349999999999608e-16
6.776231297000000268e+03 2.834100000000000042e-16
6.781749224999999569e+03 2.838229999999999973e-16
6.787267154000001028e+03 2.812720000000000176e-16
6.792785081999999420e+03 2.881479999999999739e-16
6.798303010999999969e+03 2.867929999999999746e-16
6.803820940000000519e+03 2.903920000000000060e-16
6.809338868000000730e+03 3.053810000000000116e-16
6.814856796999999460e+03 3.161529999999999724e-16
6.820374724999999671e+03 3.048359999999999702e-16
6.825892654000000221e+03 2.823190000000000521e-16
6.831410582999999860e+03 3.015699999999999877e-16
6.836928511000000071e+03 2.874589999999999739e-16
6.842446440000000621e+03 2.892160000000000240e-16
6.847964368000000832e+03 2.822759999999999546e-16
6.853482296999999562e+03 2.623509999999999809e-16
6.859000226000000112e+03 2.629720000000000456e-16
6.864518154000000322e+03 2.456220000000000201e-16
6.870036082999999962e+03 2.340790000000000315e-16
6.875554011000000173e+03 2.434499999999999919e-16
6.881071940000000723e+03 2.620480000000000034e-16
6.886589868999999453e+03 2.638870000000000319e-16
6.892107796999999664e+03 2.623470000000000108e-16
6.897625726000000213e+03 2.856259999999999992e-16
6.903143654000000424e+03 2.778709999999999846e-16
6.908661583000000064e+03 2.977120000000000441e-16
6.914179512000000614e+03 3.045529999999999910e-16
6.919697440000000825e+03 2.978800000000000204e-16
6.925215368999999555e+03 3.069000000000000171e-16
6.930733296999999766e+03 3.048739999999999818e-16
6.936251226000000315e+03 2.856769999999999876e-16
6.941769154999999955e+03 2.898380000000000073e-16
6.947287083000000166e+03 2.697579999999999847e-16
6.952805012000000715e+03 3.069940000000000537e-16
6.958322940000000926e+03 3.195459999999999666e-16
6.963840868999999657e+03 2.901639999999999854e-16
6.969358798000000206e+03 2.731109999999999822e-16
6.974876726000000417e+03 3.186779999999999493e-16
6.980394655000000057e+03 -1.015199999999999998e-18
6.985912583000000268e+03 1.720829999999999802e-16
6.991430512000000817e+03 2.900880000000000113e-16
6.996948440999999548e+03 2.710280000000000034e-16
7.002466368999999759e+03 2.700799999999999927e-16
7.007984298000000308e+03 2.876370000000000234e-16
7.013502226000000519e+03 2.835499999999999927e-16
7.019020154999999249e+03 2.699800000000000009e-16
7.024538084000000708e+03 2.817600000000000168e-16
7.030056012000000919e+03 2.728180000000000285e-16
7.035573940999999650e+03 2.646829999999999959e-16
7.041091868999999861e+03 2.740499999999999862e-16
7.046609798000000410e+03 2.689559999999999669e-16
7.052127726999999140e+03 2.809890000000000384e-16
7.057645654999999351e+03 2.966000000000000272e-16
7.063163584000000810e+03 2.875259999999999906e-16
7.068681512000000112e+03 2.722040000000000347e-16
7.074199440999999752e+03 2.867490000000000078e-16
7.079717370000000301e+03 2.679390000000000039e-16
7.085235298000000512e+03 2.802159999999999764e-16
7.090753226999999242e+03 3.000489999999999971e-16
7.096271154999999453e+03 2.825980000000000119e-16
7.101789084000000003e+03 2.694629999999999967e-16
7.107307012999999642e+03 2.677530000000000142e-16
7.112824940999999853e+03 2.496569999999999959e-16
7.118342870000000403e+03 2.512040000000000386e-16
7.123860798000000614e+03 2.467599999999999904e-16
7.129378726999999344e+03 2.528109999999999777e-16
7.134896655999999894e+03 2.446020000000000055e-16
7.140414584000000104e+03 2.388100000000000289e-16
7.145932512999999744e+03 2.614059999999999724e-16
7.151450440999999955e+03 2.502549999999999614e-16
7.156968370000000505e+03 2.366670000000000057e-16
7.162486298999999235e+03 2.358739999999999946e-16
7.168004226999999446e+03 2.347720000000000015e-16
7.173522155999999995e+03 2.248859999999999726e-16
7.179040084000000206e+03 2.131909999999999867e-16
7.184558012999999846e+03 2.046100000000000106e-16
7.190075942000000396e+03 2.044649999999999855e-16
7.195593870000000607e+03 2.045590000000000222e-16
7.201111798999999337e+03 2.080069999999999995e-16
7.206629726999999548e+03 2.382130000000000312e-16
7.212147656000000097e+03 2.306509999999999786e-16
7.217665584999999737e+03 2.498579999999999966e-16
7.223183512999999948e+03 2.300399999999999870e-16
7.228701442000000498e+03 2.328799999999999996e-16
7.234219370000000708e+03 2.212050000000000120e-16
7.239737298999999439e+03 2.267059999999999707e-16
7.245255227999999988e+03 2.032130000000000048e-16
7.250773156000000199e+03 2.081190000000000248e-16
7.256291084999999839e+03 2.055130000000000126e-16
7.261809012999999140e+03 1.918379999999999926e-16
7.267326942000000599e+03 2.143740000000000150e-16
7.272844870999999330e+03 2.011209999999999701e-16
7.278362798999999541e+03 2.098190000000000327e-16
7.283880728000000090e+03 2.069729999999999910e-16
7.289398656000000301e+03 1.935109999999999805e-16
7.294916584999999031e+03 2.149240000000000190e-16
7.300434514000000490e+03 2.143959999999999984e-16
7.305952441999999792e+03 2.145720000000000382e-16
7.311470370999999432e+03 2.228090000000000476e-16
7.316988298999999643e+03 2.422989999999999955e-16
7.322506228000000192e+03 2.625420000000000071e-16
7.328024156999998922e+03 2.704920000000000179e-16
7.333542084999999133e+03 3.035739999999999903e-16
7.339060013999999683e+03 3.043940000000000213e-16
7.344577941999999894e+03 2.768009999999999988e-16
7.350095870999999534e+03 2.907099999999999946e-16
7.355613800000000083e+03 3.029199999999999998e-16
7.361131728000000294e+03 2.957279999999999906e-16
7.366649656999999024e+03 2.821340000000000304e-16
7.372167584999999235e+03 2.758809999999999759e-16
7.377685513999999785e+03 3.089869999999999660e-16
7.383203443000000334e+03 2.734329999999999902e-16
7.388721370999999635e+03 2.744700000000000009e-16
7.394239300000000185e+03 2.818640000000000280e-16
7.399757228000000396e+03 2.531270000000000306e-16
7.405275156999999126e+03 2.503340000000000363e-16
7.410793085999999676e+03 2.338319999999999803e-16
7.416311013999999886e+03 2.348210000000000049e-16
7.421828943000000436e+03 2.038000000000000280e-16
7.427346870999999737e+03 2.178459999999999854e-16
7.432864800000000287e+03 2.208540000000000237e-16
7.438382729000000836e+03 2.209020000000000099e-16
7.443900656999999228e+03 2.325290000000000359e-16
7.449418585999999777e+03 2.519509999999999993e-16
7.454936513999999988e+03 2.509079999999999841e-16
7.460454443000000538e+03 2.356069999999999944e-16
7.465972372000000178e+03 2.322579999999999670e-16
7.471490300000000389e+03 2.240350000000000008e-16
7.477008229000000938e+03 2.297860000000000128e-16
7.482526156999999330e+03 2.291929999999999852e-16
7.488044085999999879e+03 2.092200000000000007e-16
7.493562015000000429e+03 2.295070000000000037e-16
7.499079943000000640e+03 2.510579999999999964e-16
7.504597872000000280e+03 2.327029999999999673e-16
7.510115799999999581e+03 2.698790000000000413e-16
7.515633729000001040e+03 2.673109999999999668e-16
7.521151657999999770e+03 2.584640000000000323e-16
7.526669585999999981e+03 2.533249999999999798e-16
7.532187515000000531e+03 2.661909999999999605e-16
7.537705443000000741e+03 2.675219999999999914e-16
7.543223371999999472e+03 2.872140000000000558e-16
7.548741301000000931e+03 2.832890000000000462e-16
7.554259229000000232e+03 2.806800000000000072e-16
7.559777157999999872e+03 2.858190000000000104e-16
7.565295086000000083e+03 2.960549999999999858e-16
7.570813015000000632e+03 2.668479999999999532e-16
7.576330943999999363e+03 2.841620000000000014e-16
7.581848871999999574e+03 2.763360000000000001e-16
7.587366801000000123e+03 2.224609999999999875e-16
7.592884729000000334e+03 1.660190000000000162e-16
7.598402657999999974e+03 8.822229999999999933e-17
7.603920587000000523e+03 8.346659999999999928e-17
7.609438515000000734e+03 1.131339999999999960e-16
7.614956443999999465e+03 1.316979999999999906e-16
7.620474371999999676e+03 1.443099999999999971e-16
7.625992301000000225e+03 1.228519999999999993e-16
7.631510229999999865e+03 1.307900000000000012e-16
7.637028158000000076e+03 1.418249999999999922e-16
7.642546087000000625e+03 1.358950000000000122e-16
7.648064015000000836e+03 1.658859999999999754e-16
7.653581943999999567e+03 1.689970000000000076e-16
7.659099873000000116e+03 1.912869999999999960e-16
7.664617801000000327e+03 1.593090000000000018e-16
7.670135729999999967e+03 1.600959999999999838e-16
7.675653658000000178e+03 1.623570000000000121e-16
7.681171587000000727e+03 1.754039999999999951e-16
7.686689515999999458e+03 1.994599999999999910e-16
7.692207443999999668e+03 2.163850000000000146e-16
7.697725373000000218e+03 2.035829999999999744e-16
7.703243301000000429e+03 2.166709999999999713e-16
7.708761230000000069e+03 2.094819999999999890e-16
7.714279159000000618e+03 2.244099999999999823e-16
7.719797087000000829e+03 2.098729999999999740e-16
7.725315015999999559e+03 2.119299999999999994e-16
7.730832943999999770e+03 1.985759999999999701e-16
7.736350873000000320e+03 2.150440000000000091e-16
7.741868801999999960e+03 2.171450000000000013e-16
7.747386729999999261e+03 2.110560000000000023e-16
7.752904659000000720e+03 2.262010000000000246e-16
7.758422587000000931e+03 2.213050000000000038e-16
7.763940515999999661e+03 2.292490000000000595e-16
7.769458445000000211e+03 2.173539999999999915e-16
7.774976373000000422e+03 2.093559999999999698e-16
7.780494301999999152e+03 2.243370000000000105e-16
7.786012229999999363e+03 2.125249999999999873e-16
7.791530158999999912e+03 2.270610000000000031e-16
7.797048087999999552e+03 2.122370000000000209e-16
7.802566015999999763e+03 2.307249999999999675e-16
7.808083945000000313e+03 2.176299999999999983e-16
7.813601873000000523e+03 2.125990000000000256e-16
7.819119801999999254e+03 2.150749999999999992e-16
7.824637730999999803e+03 2.549069999999999826e-16
7.830155659000000014e+03 2.285929999999999853e-16
7.835673587999999654e+03 2.557729999999999655e-16
7.841191515999999865e+03 2.413180000000000097e-16
7.846709445000000414e+03 2.220059999999999633e-16
7.852227373999999145e+03 2.270700000000000097e-16
7.857745301999999356e+03 2.289379999999999939e-16
7.863263230999999905e+03 2.448810000000000145e-16
7.868781159000000116e+03 2.356620000000000022e-16
7.874299087999999756e+03 2.059149999999999894e-16
7.879817017000000305e+03 2.184800000000000023e-16
7.885334945000000516e+03 2.299569999999999913e-16
7.890852873999999247e+03 2.399310000000000031e-16
7.896370801999999458e+03 2.564859999999999832e-16
7.901888731000000007e+03 2.624970000000000231e-16
7.907406659999999647e+03 2.396250000000000234e-16
7.912924587999999858e+03 2.168140000000000113e-16
7.918442517000000407e+03 2.493109999999999702e-16
7.923960445000000618e+03 2.511859999999999760e-16
7.929478373999999349e+03 2.663800000000000016e-16
7.934996302999999898e+03 2.990639999999999919e-16
7.940514231000000109e+03 2.935359999999999640e-16
7.946032159999999749e+03 2.679759999999999983e-16
7.951550087999999960e+03 2.593629999999999903e-16
7.957068017000000509e+03 2.604260000000000039e-16
7.962585945999999240e+03 2.563699999999999632e-16
7.968103873999999450e+03 2.645079999999999980e-16
7.973621803000000000e+03 2.660059999999999880e-16
7.979139731000000211e+03 2.354740000000000275e-16
7.984657659999999851e+03 2.187709999999999955e-16
7.990175589000000400e+03 2.350940000000000095e-16
7.995693517000000611e+03 2.487369999999999731e-16
8.001211445999999341e+03 2.583450000000000101e-16
8.006729373999999552e+03 2.516909999999999714e-16
8.012247303000000102e+03 2.376790000000000308e-16
8.017765231999998832e+03 2.155879999999999841e-16
8.023283159999999043e+03 2.265350000000000414e-16
8.028801089000000502e+03 2.455229999999999962e-16
8.034319016999999803e+03 2.463340000000000206e-16
8.039836945999999443e+03 2.520359999999999799e-16
8.045354874999999993e+03 2.270920000000000424e-16
8.050872803000000204e+03 2.053249999999999887e-16
8.056390731999998934e+03 2.266840000000000366e-16
8.061908659999999145e+03 2.211590000000000109e-16
8.067426588999999694e+03 2.098560000000000025e-16
8.072944518000001153e+03 2.104740000000000157e-16
8.078462445999999545e+03 2.062300000000000004e-16
8.083980375000000095e+03 1.871450000000000068e-16
8.089498303000000305e+03 1.871680000000000074e-16
8.095016231999999036e+03 1.630620000000000156e-16
8.100534160999999585e+03 1.845999999999999822e-16
8.106052088999999796e+03 1.692099999999999925e-16
8.111570018000000346e+03 1.936729999999999770e-16
8.117087945999999647e+03 1.990000000000000042e-16
8.122605875000000196e+03 1.622499999999999987e-16
8.128123804000000746e+03 1.800720000000000199e-16
8.133641731999999138e+03 1.827150000000000019e-16
8.139159660999999687e+03 1.886609999999999855e-16
8.144677588999999898e+03 1.893009999999999821e-16
8.150195518000000448e+03 2.324779999999999982e-16
8.155713447000000087e+03 1.899979999999999962e-16
8.161231375000000298e+03 1.774230000000000088e-16
8.166749304000000848e+03 1.835759999999999729e-16
8.172267231999999240e+03 1.787350000000000092e-16
8.177785160999999789e+03 2.228809999999999529e-16
8.183303090000000338e+03 2.426509999999999763e-16
8.188821018000000549e+03 2.070030000000000132e-16
8.194338947000000189e+03 1.992629999999999850e-16
8.199856874999999491e+03 2.120950000000000228e-16
8.205374804000000950e+03 1.892479999999999840e-16
8.210892733000000590e+03 2.121309999999999754e-16
8.216410660999999891e+03 2.035229999999999793e-16
8.221928590000001350e+03 1.844470000000000170e-16
8.227446518000000651e+03 1.659959999999999909e-16
8.232964447000000291e+03 1.581870000000000104e-16
8.238482375999999931e+03 1.996859999999999773e-16
8.244000304000001051e+03 1.695129999999999946e-16
8.249518233000000691e+03 2.026609999999999911e-16
8.255036160999999993e+03 1.695799999999999867e-16
8.260554090000001452e+03 1.904920000000000245e-16
8.266072018999999273e+03 1.589609999999999910e-16
8.271589947000000393e+03 1.627149999999999974e-16
8.277107876000000033e+03 1.523710000000000161e-16
8.282625804000001153e+03 2.042529999999999685e-16
8.288143732999998974e+03 2.052330000000000110e-16
8.293661662000000433e+03 1.902909999999999992e-16
8.299179589999999735e+03 1.751809999999999864e-16
8.304697518999999375e+03 1.869580000000000000e-16
8.310215447000000495e+03 1.873700000000000006e-16
8.315733376000000135e+03 1.591549999999999948e-16
8.321251304999999775e+03 1.695670000000000099e-16
8.326769232999999076e+03 1.817280000000000117e-16
8.332287162000000535e+03 1.913240000000000152e-16
8.337805089999999836e+03 2.038000000000000280e-16
8.343323018999999476e+03 1.803659999999999907e-16
8.348840948000000935e+03 1.772350000000000095e-16
8.354358876000000237e+03 1.680759999999999922e-16
8.359876804999999877e+03 1.607860000000000009e-16
8.365394732999999178e+03 1.644229999999999948e-16
8.370912662000000637e+03 2.001770000000000034e-16
8.376430591000000277e+03 2.218929999999999948e-16
8.381948518999999578e+03 1.923929999999999838e-16
8.387466448000001037e+03 2.109809999999999962e-16
8.392984376000000339e+03 2.144299999999999907e-16
8.398502304999999978e+03 2.005390000000000328e-16
8.404020233999999618e+03 2.147259999999999712e-16
8.409538162000000739e+03 2.318259999999999927e-16
8.415056091000000379e+03 1.977209999999999789e-16
8.420574018999999680e+03 1.854979999999999970e-16
8.426091948000001139e+03 1.777270000000000035e-16
8.431609876999998960e+03 1.411779999999999987e-16
8.437127805000000080e+03 1.737459999999999690e-16
8.442645733999999720e+03 1.813559999999999832e-16
8.448163662000000841e+03 1.634429999999999769e-16
8.453681591000000481e+03 1.458459999999999988e-16
8.459199520000000120e+03 1.241510000000000229e-16
8.464717448000001241e+03 1.291429999999999914e-16
8.470235376999999062e+03 1.398770000000000146e-16
8.475753305000000182e+03 1.482360000000000238e-16
8.481271233999999822e+03 1.702370000000000040e-16
8.486789162999999462e+03 1.389269999999999942e-16
8.492307090999998763e+03 1.251990000000000007e-16
8.497825020000000222e+03 1.280539999999999998e-16
8.503342947999999524e+03 1.167970000000000172e-16
8.508860876999999164e+03 1.380070000000000207e-16
8.514378806000000623e+03 1.419860000000000209e-16
8.519896733999999924e+03 1.498799999999999821e-16
8.525414662999999564e+03 1.991220000000000040e-16
8.530932590999998865e+03 1.879859999999999795e-16
8.536450520000000324e+03 1.655390000000000064e-16
8.541968448999999964e+03 1.554659999999999954e-16
8.547486376999999266e+03 1.745509999999999889e-16
8.553004306000000724e+03 1.817399999999999959e-16
8.558522234000000026e+03 2.187390000000000130e-16
8.564040162999999666e+03 1.840479999999999932e-16
8.569558091999999306e+03 1.759790000000000094e-16
8.575076020000000426e+03 1.699270000000000049e-16
8.580593949000000066e+03 1.749559999999999679e-16
8.586111876999999367e+03 1.838909999999999839e-16
8.591629806000000826e+03 1.897720000000000099e-16
8.597147734999998647e+03 2.103749999999999672e-16
8.602665662999999768e+03 1.585120000000000206e-16
8.608183591999999408e+03 1.703999999999999931e-16
8.613701520000000528e+03 1.959240000000000061e-16
8.619219449000000168e+03 1.810890000000000076e-16
8.624737377999999808e+03 1.692910000000000031e-16
8.630255306000000928e+03 1.653469999999999877e-16
8.635773234999998749e+03 1.781209999999999908e-16
8.641291162999999869e+03 1.798340000000000000e-16
8.646809091999999509e+03 1.608940000000000068e-16
8.652327020999999149e+03 1.758099999999999913e-16
8.657844949000000270e+03 1.887040000000000091e-16
8.663362877999999910e+03 1.684199999999999836e-16
8.668880806000001030e+03 2.338970000000000120e-16
8.674398734999998851e+03 2.288670000000000072e-16
8.679916664000000310e+03 1.917570000000000066e-16
8.685434591999999611e+03 2.129559999999999691e-16
8.690952520999999251e+03 2.268409999999999719e-16
8.696470449000000372e+03 2.674770000000000074e-16
8.701988378000000012e+03 2.506720000000000232e-16
8.707506306999999651e+03 2.546490000000000384e-16
8.713024234999998953e+03 2.399419999999999948e-16
8.718542164000000412e+03 1.938859999999999866e-16
8.724060091999999713e+03 2.016939999999999993e-16
8.729578020999999353e+03 1.933469999999999989e-16
8.735095950000000812e+03 2.035179999999999920e-16
8.740613878000000113e+03 2.395550000000000045e-16
8.746131806999999753e+03 2.324560000000000148e-16
8.751649734999999055e+03 2.401029999999999988e-16
8.757167664000000514e+03 1.986449999999999965e-16
8.762685593000000154e+03 1.669659999999999850e-16
8.768203520999999455e+03 1.918320000000000128e-16
8.773721449999999095e+03 2.051270000000000148e-16
8.779239378000000215e+03 1.853859999999999964e-16
8.784757306999999855e+03 1.977400000000000094e-16
8.790275235999999495e+03 1.926990000000000129e-16
8.795793164000000615e+03 1.553720000000000080e-16
8.801311093000000255e+03 1.626220000000000026e-16
8.806829020999999557e+03 2.094289999999999909e-16
8.812346949999999197e+03 2.181119999999999931e-16
8.817864879000000656e+03 2.164979999999999831e-16
8.823382806999999957e+03 2.414659999999999876e-16
8.828900735999999597e+03 2.177050000000000045e-16
8.834418664000000717e+03 1.977590000000000152e-16
8.839936593000000357e+03 1.972009999999999724e-16
8.845454521999999997e+03 2.094170000000000066e-16
8.850972449999999299e+03 2.725829999999999862e-16
8.856490379000000758e+03 2.049349999999999961e-16
8.862008307000000059e+03 2.385469999999999988e-16
8.867526235999999699e+03 1.825990000000000312e-16
8.873044165000001158e+03 1.951860000000000028e-16
8.878562093000000459e+03 2.047740000000000168e-16
8.884080022000000099e+03 2.197629999999999730e-16
8.889597949999999400e+03 2.189659999999999918e-16
8.895115879000000859e+03 2.303509999999999540e-16
8.900633808000000499e+03 1.983659999999999874e-16
8.906151735999999801e+03 1.905920000000000163e-16
8.911669665000001260e+03 2.098169999999999984e-16
8.917187593000000561e+03 2.318059999999999944e-16
8.922705522000000201e+03 2.245350000000000089e-16
8.928223450999999841e+03 2.131679999999999861e-16
8.933741379000000961e+03 2.154430000000000083e-16
8.939259308000000601e+03 2.057230000000000200e-16
8.944777235999999903e+03 2.012440000000000117e-16
8.950295165000001361e+03 1.787379999999999868e-16
8.955813093999999182e+03 1.718320000000000083e-16
8.961331022000000303e+03 2.010930000000000069e-16
8.966848950999999943e+03 1.728069999999999896e-16
8.972366879000001063e+03 1.276540000000000081e-16
8.977884808000000703e+03 1.607430000000000020e-16
8.983402737000000343e+03 1.473699999999999916e-16
8.988920665000001463e+03 1.406099999999999813e-16
8.994438593999999284e+03 1.750390000000000129e-16
8.999956522000000405e+03 1.634739999999999916e-16
9.005474451000000045e+03 1.115360000000000142e-16
9.010992379999999685e+03 1.192050000000000063e-16
9.016510307999998986e+03 1.405879999999999980e-16
9.022028237000000445e+03 1.652779999999999860e-16
9.027546164999999746e+03 1.496220000000000132e-16
9.033064093999999386e+03 1.693190000000000156e-16
9.038582023000000845e+03 1.615540000000000018e-16
9.044099951000000146e+03 1.627790000000000118e-16
9.049617879999999786e+03 1.828279999999999951e-16
9.055135807999999088e+03 1.208719999999999898e-16
9.060653737000000547e+03 1.221950000000000065e-16
9.066171666000000187e+03 1.284479999999999871e-16
9.071689593999999488e+03 1.296839999999999888e-16
9.077207523000000947e+03 1.045830000000000050e-16
9.082725451000000248e+03 1.310189999999999898e-16
9.088243379999999888e+03 1.191910000000000124e-16
9.093761308999999528e+03 1.298049999999999961e-16
9.099279237000000649e+03 1.503329999999999719e-16
9.104797166000000288e+03 1.383160000000000026e-16
9.110315093999999590e+03 1.067639999999999906e-16
9.115833023000001049e+03 1.166900000000000039e-16
9.121350951999998870e+03 1.336020000000000014e-16
9.126868879999999990e+03 1.326510000000000131e-16
9.132386808999999630e+03 1.216350000000000034e-16
9.137904737000000750e+03 8.950049999999999612e-17
9.143422666000000390e+03 1.158639999999999930e-16
9.148940595000000030e+03 9.709709999999999466e-17
9.154458523000001151e+03 9.751520000000000632e-17
9.159976451999998972e+03 1.164239999999999962e-16
9.165494380000000092e+03 8.478559999999999665e-17
9.171012308999999732e+03 7.798729999999999177e-17
9.176530237999999372e+03 1.162339999999999872e-16
9.182048166000000492e+03 1.014760000000000045e-16
9.187566095000000132e+03 7.699530000000000198e-17
9.193084023000001253e+03 1.117870000000000108e-16
9.198601951999999073e+03 9.920419999999999788e-17
9.204119881000000532e+03 1.023050000000000053e-16
9.209637808999999834e+03 1.297930000000000119e-16
9.215155737999999474e+03 1.332230000000000005e-16
9.220673665999998775e+03 1.827199999999999892e-16
9.226191595000000234e+03 1.277419999999999910e-16
9.231709523999999874e+03 1.422590000000000008e-16
9.237227451999999175e+03 1.564579999999999975e-16
