3506.99 1.79018E-02
3520.74 1.76601E-02
3534.54 1.96053E-02
3548.39 2.33075E-02
3562.30 2.60463E-02
3576.26 2.83847E-02
3590.28 2.80905E-02
3604.35 2.75831E-02
3618.48 2.31217E-02
3632.67 2.45229E-02
3646.91 2.66028E-02
3661.20 3.25023E-02
3675.55 3.68647E-02
3689.96 3.94770E-02
3704.42 4.43633E-02
3718.94 4.48024E-02
3733.52 4.35356E-02
3748.16 4.75633E-02
3762.84 4.60125E-02
3777.59 3.99649E-02
3792.40 3.16255E-02
3807.27 2.59953E-02
3822.19 2.38032E-02
3837.17 2.39007E-02
3852.21 3.15683E-02
3867.31 3.94915E-02
3882.47 4.34043E-02
3897.69 4.82789E-02
3912.96 4.59715E-02
3928.30 4.80961E-02
3943.70 5.30151E-02
3959.16 6.13642E-02
3974.68 5.98896E-02
3990.26 5.42148E-02
4005.90 4.80120E-02
4021.60 4.24873E-02
4037.36 4.39309E-02
4053.19 4.18840E-02
4069.08 4.02597E-02
4085.02 3.92442E-02
4101.04 4.02494E-02
4117.11 4.22457E-02
4133.25 3.90264E-02
4149.45 4.01284E-02
4165.72 4.46075E-02
4182.05 4.54182E-02
4198.43 4.28188E-02
4214.89 4.39441E-02
4231.41 4.18210E-02
4248.00 4.30700E-02
4264.65 4.51895E-02
4281.37 4.67821E-02
4298.15 4.90761E-02
4314.99 5.14922E-02
4331.91 4.45269E-02
4348.89 4.08441E-02
4365.93 3.80800E-02
4383.05 3.31607E-02
4400.23 3.19370E-02
4417.48 3.33376E-02
4434.79 3.86721E-02
4452.17 4.09321E-02
4469.62 4.24194E-02
4487.15 4.32993E-02
4504.73 4.69401E-02
4522.39 5.93818E-02
4540.12 8.15470E-02
4557.91 1.05882E-01
4575.78 1.12212E-01
4593.71 1.17002E-01
4611.72 1.38917E-01
4629.79 1.55057E-01
4647.95 1.39584E-01
4666.16 1.11033E-01
4684.45 8.76048E-02
4702.81 7.34811E-02
4721.25 6.22518E-02
4739.75 5.19229E-02
4758.33 4.85181E-02
4776.98 5.44634E-02
4795.70 6.21654E-02
4814.50 6.33017E-02
4833.37 5.70700E-02
4852.32 6.00749E-02
4871.34 7.27819E-02
4890.43 9.30036E-02
4909.60 1.09975E-01
4928.84 1.23065E-01
4948.16 1.15233E-01
4967.56 9.37142E-02
4987.03 7.80889E-02
5006.58 6.45574E-02
5026.20 5.57038E-02
5045.91 5.29943E-02
5065.68 4.86325E-02
5085.54 4.59976E-02
5105.47 4.50884E-02
5125.48 4.54794E-02
5145.57 4.66323E-02
5165.75 5.12174E-02
5185.99 5.77253E-02
5206.32 7.50306E-02
5226.73 8.55347E-02
5247.22 9.27469E-02
5267.78 1.07014E-01
5288.43 1.20922E-01
5309.16 1.20348E-01
5329.97 1.13918E-01
5350.86 1.04481E-01
5371.84 1.06371E-01
5392.89 1.22554E-01
5414.03 1.36105E-01
5435.25 1.43152E-01
5456.56 1.50712E-01
5477.94 1.48338E-01
5499.42 1.45244E-01
5520.97 1.43799E-01
5542.61 1.40767E-01
5564.34 1.41818E-01
5586.15 1.43592E-01
5608.04 1.39032E-01
5630.02 1.36495E-01
5652.09 1.32936E-01
5674.24 1.28952E-01
5696.49 1.22124E-01
5718.82 1.19758E-01
5741.23 1.15957E-01
5763.73 1.07759E-01
5786.33 9.82195E-02
5809.01 9.74584E-02
5831.78 9.95928E-02
5854.64 9.77409E-02
5877.58 9.62260E-02
5900.62 8.99170E-02
5923.76 8.51860E-02
5946.97 7.64892E-02
5970.28 7.84642E-02
5993.68 8.32257E-02
6017.17 7.79757E-02
6040.76 7.38520E-02
6064.44 7.59486E-02
6088.21 8.67520E-02
6112.08 8.88845E-02
6136.03 8.57824E-02
6160.08 8.05832E-02
6184.23 7.66991E-02
6208.46 7.28483E-02
6232.81 6.77658E-02
6257.24 6.79648E-02
6281.76 7.20902E-02
6306.39 7.61193E-02
6331.11 8.66934E-02
6355.91 9.90732E-02
6380.83 1.09692E-01
6405.84 1.16383E-01
6430.95 1.23246E-01
6456.16 1.26752E-01
6481.47 1.28659E-01
6506.87 1.28271E-01
6532.38 1.30937E-01
6557.97 1.21600E-01
6583.68 1.16433E-01
6609.49 1.06302E-01
6635.39 9.91358E-02
6661.40 8.58612E-02
6687.51 7.77601E-02
6713.74 7.14612E-02
6740.04 6.92216E-02
6766.47 6.61834E-02
6792.99 6.13497E-02
6819.62 6.16280E-02
6846.34 5.69750E-02
6873.18 5.55386E-02
6900.12 5.21731E-02
6927.17 5.12406E-02
6954.32 4.72745E-02
6981.58 4.43331E-02
7008.93 4.17493E-02
7036.42 4.24723E-02
7064.00 4.07591E-02
7091.68 4.30886E-02
7119.49 4.90765E-02
7147.39 5.41090E-02
7175.40 5.77376E-02
7203.54 5.31859E-02
7231.76 5.03687E-02
7260.11 5.38390E-02
7288.56 5.44937E-02
7317.13 5.52814E-02
7345.82 5.69750E-02
7374.61 5.70272E-02
7403.53 5.56270E-02
7432.55 5.44435E-02
7461.66 4.98716E-02
7490.92 4.71884E-02
7520.29 4.99008E-02
7549.76 4.99809E-02
7579.34 5.07056E-02
7609.06 5.15138E-02
7638.88 5.31666E-02
7668.82 5.32865E-02
7698.89 5.22044E-02
7729.06 5.19974E-02
7759.35 5.26071E-02
7789.77 5.11352E-02
7820.31 4.96743E-02
7850.95 5.04917E-02
7881.73 4.85143E-02
7912.62 4.83679E-02
7943.65 5.12153E-02
7974.77 4.87841E-02
8006.04 4.95731E-02
8037.42 4.99112E-02
8068.91 4.97544E-02
8100.55 4.96964E-02
8132.30 4.67950E-02
8164.17 4.04839E-02
8196.18 3.26363E-02
8228.30 2.81885E-02
8260.57 2.95351E-02
8292.95 3.16032E-02
8325.44 3.08369E-02
8358.08 3.43904E-02
8390.83 4.10552E-02
8423.72 4.62602E-02
8456.75 5.50937E-02
8489.89 5.88390E-02
8523.18 6.23974E-02
8556.58 6.53811E-02
8590.12 6.98322E-02
8623.80 7.11373E-02
8657.59 7.01478E-02
8691.53 6.72168E-02
8725.60 6.47315E-02
8759.79 6.09028E-02
8794.12 5.98340E-02
8828.59 5.50591E-02
8863.20 5.40663E-02
8897.95 5.21469E-02
8932.82 5.03032E-02
8967.85 4.92295E-02
9002.99 4.90275E-02
9038.28 4.77463E-02
9073.70 4.99107E-02
9109.27 4.76510E-02
9144.98 4.69821E-02
9180.82 4.51847E-02
9216.81 4.31213E-02
9252.94 4.08894E-02
9289.21 3.88204E-02
9325.62 3.75872E-02
9362.17 3.45539E-02
9398.86 3.41445E-02
9435.71 3.26440E-02
9472.68 2.99811E-02