3506.99 9.18624E-02
3520.74 1.01209E-01
3534.54 1.15879E-01
3548.39 1.27275E-01
3562.30 1.34059E-01
3576.26 1.52609E-01
3590.28 1.60405E-01
3604.35 1.44461E-01
3618.48 1.29613E-01
3632.67 1.29714E-01
3646.91 1.38155E-01
3661.20 1.57390E-01
3675.55 1.68403E-01
3689.96 1.66044E-01
3704.42 1.63640E-01
3718.94 1.64822E-01
3733.52 1.95838E-01
3748.16 2.01627E-01
3762.84 2.10502E-01
3777.59 1.88627E-01
3792.40 1.79608E-01
3807.27 1.76377E-01
3822.19 1.69234E-01
3837.17 1.65267E-01
3852.21 1.70980E-01
3867.31 1.65149E-01
3882.47 1.62188E-01
3897.69 1.48975E-01
3912.96 1.42556E-01
3928.30 1.50521E-01
3943.70 1.57180E-01
3959.16 1.62938E-01
3974.68 1.60251E-01
3990.26 1.43073E-01
4005.90 1.36821E-01
4021.60 1.33985E-01
4037.36 1.42305E-01
4053.19 1.49854E-01
4069.08 1.48981E-01
4085.02 1.40369E-01
4101.04 1.41731E-01
4117.11 1.37042E-01
4133.25 1.43421E-01
4149.45 1.44210E-01
4165.72 1.41946E-01
4182.05 1.39537E-01
4198.43 1.31486E-01
4214.89 1.27204E-01
4231.41 1.15369E-01
4248.00 1.12078E-01
4264.65 1.03161E-01
4281.37 1.06694E-01
4298.15 1.18050E-01
4314.99 1.20955E-01
4331.91 1.18877E-01
4348.89 1.18803E-01
4365.93 1.11622E-01
4383.05 1.10952E-01
4400.23 1.10806E-01
4417.48 1.07687E-01
4434.79 1.13601E-01
4452.17 1.21265E-01
4469.62 1.24565E-01
4487.15 1.26822E-01
4504.73 1.32106E-01
4522.39 1.50849E-01
4540.12 1.49781E-01
4557.91 1.41859E-01
4575.78 1.33794E-01
4593.71 1.37409E-01
4611.72 1.47120E-01
4629.79 1.45833E-01
4647.95 1.30590E-01
4666.16 1.28973E-01
4684.45 1.29035E-01
4702.81 1.25476E-01
4721.25 1.15285E-01
4739.75 1.08052E-01
4758.33 1.09093E-01
4776.98 1.15487E-01
4795.70 1.16618E-01
4814.50 1.09968E-01
4833.37 1.03447E-01
4852.32 1.07398E-01
4871.34 1.05991E-01
4890.43 9.97442E-02
4909.60 9.67250E-02
4928.84 9.31115E-02
4948.16 8.46379E-02
4967.56 7.94333E-02
4987.03 8.12152E-02
5006.58 8.55643E-02
5026.20 8.49570E-02
5045.91 9.13109E-02
5065.68 9.33888E-02
5085.54 9.66962E-02
5105.47 1.00699E-01
5125.48 1.05167E-01
5145.57 1.09952E-01
5165.75 1.07665E-01
5185.99 1.09884E-01
5206.32 1.11464E-01
5226.73 1.04280E-01
5247.22 1.04390E-01
5267.78 9.59941E-02
5288.43 1.00138E-01
5309.16 9.52882E-02
5329.97 9.47950E-02
5350.86 9.80178E-02
5371.84 9.14616E-02
5392.89 9.34377E-02
5414.03 9.16848E-02
5435.25 8.73049E-02
5456.56 8.19963E-02
5477.94 8.68081E-02
5499.42 9.08337E-02
5520.97 9.59649E-02
5542.61 9.83375E-02
5564.34 9.85403E-02
5586.15 9.80479E-02
5608.04 9.87338E-02
5630.02 9.72266E-02
5652.09 9.21846E-02
5674.24 9.29380E-02
5696.49 8.56484E-02
5718.82 8.34806E-02
5741.23 8.15427E-02
5763.73 7.96225E-02
5786.33 7.68059E-02
5809.01 8.01919E-02
5831.78 7.76737E-02
5854.64 8.18060E-02
5877.58 7.77369E-02
5900.62 7.64559E-02
5923.76 7.72010E-02
5946.97 7.57542E-02
5970.28 7.52652E-02
5993.68 6.82819E-02
6017.17 6.87912E-02
6040.76 6.96577E-02
6064.44 6.18034E-02
6088.21 6.01601E-02
6112.08 5.62754E-02
6136.03 5.62939E-02
6160.08 5.60688E-02
6184.23 5.69323E-02
6208.46 5.55966E-02
6232.81 5.91944E-02
6257.24 5.89507E-02
6281.76 5.89353E-02
6306.39 5.82591E-02
6331.11 5.31012E-02
6355.91 5.57942E-02
6380.83 5.77808E-02
6405.84 6.00353E-02
6430.95 6.39700E-02
6456.16 6.24832E-02
6481.47 6.60739E-02
6506.87 6.57029E-02
6532.38 6.37623E-02
6557.97 6.21242E-02
6583.68 5.92544E-02
6609.49 5.93247E-02
6635.39 5.66723E-02
6661.40 5.31893E-02
6687.51 5.16575E-02
6713.74 5.27874E-02
6740.04 5.03310E-02
6766.47 4.69474E-02
6792.99 4.51866E-02
6819.62 4.34885E-02
6846.34 4.21403E-02
6873.18 3.98778E-02
6900.12 3.90521E-02
6927.17 4.02491E-02
6954.32 3.69093E-02
6981.58 3.48739E-02
7008.93 3.46993E-02
7036.42 3.63587E-02
7064.00 4.10552E-02
7091.68 4.16560E-02
7119.49 4.31875E-02
7147.39 4.18097E-02
7175.40 4.24877E-02
7203.54 3.98806E-02
7231.76 3.67856E-02
7260.11 3.58311E-02
7288.56 3.49088E-02
7317.13 3.53235E-02
7345.82 3.33861E-02
7374.61 3.27745E-02
7403.53 3.01215E-02
7432.55 3.09356E-02
7461.66 3.02043E-02
7490.92 2.80677E-02
7520.29 2.98207E-02
7549.76 2.91745E-02
7579.34 2.63445E-02
7609.06 2.76402E-02
7638.88 2.66306E-02
7668.82 2.66006E-02
7698.89 2.65880E-02
7729.06 2.54508E-02
7759.35 2.49588E-02
7789.77 2.53876E-02
7820.31 2.46132E-02
7850.95 2.55666E-02
7881.73 2.60333E-02
7912.62 2.58855E-02
7943.65 2.55334E-02
7974.77 2.50797E-02
8006.04 2.45406E-02
8037.42 2.46242E-02
8068.91 2.62096E-02
8100.55 2.57395E-02
8132.30 2.63306E-02
8164.17 2.71446E-02
8196.18 2.66884E-02
8228.30 2.60472E-02
8260.57 2.75681E-02
8292.95 2.86759E-02
8325.44 2.81754E-02
8358.08 2.99007E-02
8390.83 2.95509E-02
8423.72 2.79105E-02
8456.75 2.60085E-02
8489.89 2.59524E-02
8523.18 2.68444E-02
8556.58 2.47602E-02
8590.12 2.42136E-02
8623.80 2.26740E-02
8657.59 2.31112E-02
8691.53 2.17074E-02
8725.60 1.92769E-02
8759.79 1.92840E-02
8794.12 1.89361E-02
8828.59 1.94620E-02
8863.20 1.80049E-02
8897.95 1.75619E-02
8932.82 1.68843E-02
8967.85 1.76640E-02
9002.99 1.80332E-02
9038.28 1.75888E-02
9073.70 1.84116E-02
9109.27 1.84225E-02
9144.98 1.86090E-02
9180.82 1.87640E-02
9216.81 1.63114E-02
9252.94 1.64756E-02
9289.21 1.64531E-02
9325.62 1.56639E-02
9362.17 1.50185E-02
9398.86 1.38004E-02
9435.71 1.48151E-02
9472.68 1.27992E-02

