3506.99 6.12723E-02
3520.74 7.01927E-02
3534.54 8.27049E-02
3548.39 9.91955E-02
3562.30 1.05627E-01
3576.26 1.13479E-01
3590.28 1.24464E-01
3604.35 1.15771E-01
3618.48 1.02978E-01
3632.67 1.00267E-01
3646.91 1.19677E-01
3661.20 1.40916E-01
3675.55 1.64813E-01
3689.96 1.70358E-01
3704.42 1.56000E-01
3718.94 1.62674E-01
3733.52 1.83325E-01
3748.16 2.07377E-01
3762.84 2.20732E-01
3777.59 2.02201E-01
3792.40 1.87955E-01
3807.27 1.68148E-01
3822.19 1.57448E-01
3837.17 1.53791E-01
3852.21 1.62811E-01
3867.31 1.65845E-01
3882.47 1.60275E-01
3897.69 1.44036E-01
3912.96 1.30959E-01
3928.30 1.31737E-01
3943.70 1.49462E-01
3959.16 1.63372E-01
3974.68 1.56715E-01
3990.26 1.37956E-01
4005.90 1.21103E-01
4021.60 1.17449E-01
4037.36 1.23882E-01
4053.19 1.30704E-01
4069.08 1.23515E-01
4085.02 1.24082E-01
4101.04 1.21840E-01
4117.11 1.33539E-01
4133.25 1.42945E-01
4149.45 1.57247E-01
4165.72 1.69230E-01
4182.05 1.58934E-01
4198.43 1.49820E-01
4214.89 1.48579E-01
4231.41 1.37505E-01
4248.00 1.34582E-01
4264.65 1.26836E-01
4281.37 1.29141E-01
4298.15 1.27254E-01
4314.99 1.22959E-01
4331.91 1.13493E-01
4348.89 1.11048E-01
4365.93 9.92602E-02
4383.05 9.26108E-02
4400.23 8.84955E-02
4417.48 9.51991E-02
4434.79 1.02459E-01
4452.17 1.06529E-01
4469.62 1.15085E-01
4487.15 1.31202E-01
4504.73 1.54851E-01
4522.39 1.83103E-01
4540.12 1.98837E-01
4557.91 2.11510E-01
4575.78 2.15804E-01
4593.71 2.08232E-01
4611.72 1.98828E-01
4629.79 1.94225E-01
4647.95 1.73473E-01
4666.16 1.59725E-01
4684.45 1.49919E-01
4702.81 1.45015E-01
4721.25 1.33348E-01
4739.75 1.16502E-01
4758.33 1.18612E-01
4776.98 1.34472E-01
4795.70 1.38717E-01
4814.50 1.27591E-01
4833.37 1.25520E-01
4852.32 1.28314E-01
4871.34 1.33569E-01
4890.43 1.44716E-01
4909.60 1.49087E-01
4928.84 1.41605E-01
4948.16 1.32085E-01
4967.56 1.15354E-01
4987.03 1.09637E-01
5006.58 1.07236E-01
5026.20 1.04124E-01
5045.91 1.00850E-01
5065.68 1.07479E-01
5085.54 1.07196E-01
5105.47 1.07765E-01
5125.48 1.11855E-01
5145.57 1.21826E-01
5165.75 1.38906E-01
5185.99 1.44377E-01
5206.32 1.56992E-01
5226.73 1.65752E-01
5247.22 1.61066E-01
5267.78 1.53770E-01
5288.43 1.49106E-01
5309.16 1.44730E-01
5329.97 1.45411E-01
5350.86 1.48585E-01
5371.84 1.47920E-01
5392.89 1.46006E-01
5414.03 1.47315E-01
5435.25 1.38476E-01
5456.56 1.29830E-01
5477.94 1.24306E-01
5499.42 1.28028E-01
5520.97 1.35914E-01
5542.61 1.41940E-01
5564.34 1.43995E-01
5586.15 1.45468E-01
5608.04 1.45957E-01
5630.02 1.41434E-01
5652.09 1.39718E-01
5674.24 1.30754E-01
5696.49 1.28514E-01
5718.82 1.26295E-01
5741.23 1.17720E-01
5763.73 1.14586E-01
5786.33 1.15214E-01
5809.01 1.14011E-01
5831.78 1.12318E-01
5854.64 1.11930E-01
5877.58 1.06989E-01
5900.62 1.04987E-01
5923.76 1.04259E-01
5946.97 1.02576E-01
5970.28 1.01857E-01
5993.68 1.00556E-01
6017.17 9.47343E-02
6040.76 9.43436E-02
6064.44 9.35006E-02
6088.21 8.98991E-02
6112.08 7.94492E-02
6136.03 7.51263E-02
6160.08 7.54486E-02
6184.23 8.01265E-02
6208.46 8.29712E-02
6232.81 8.93121E-02
6257.24 9.05670E-02
6281.76 9.42200E-02
6306.39 9.54001E-02
6331.11 9.56140E-02
6355.91 9.51170E-02
6380.83 9.03553E-02
6405.84 9.37644E-02
6430.95 9.69368E-02
6456.16 1.00754E-01
6481.47 1.03470E-01
6506.87 1.03496E-01
6532.38 9.97798E-02
6557.97 9.65049E-02
6583.68 9.16499E-02
6609.49 8.85536E-02
6635.39 8.37909E-02
6661.40 7.94680E-02
6687.51 7.41464E-02
6713.74 7.04416E-02
6740.04 6.72748E-02
6766.47 6.63752E-02
6792.99 6.33798E-02
6819.62 5.75867E-02
6846.34 5.68558E-02
6873.18 5.41470E-02
6900.12 5.13014E-02
6927.17 5.05430E-02
6954.32 4.91147E-02
6981.58 4.78209E-02
7008.93 4.62804E-02
7036.42 4.75673E-02
7064.00 5.26708E-02
7091.68 5.40747E-02
7119.49 5.85899E-02
7147.39 5.97434E-02
7175.40 5.80982E-02
7203.54 5.80070E-02
7231.76 5.60945E-02
7260.11 5.57049E-02
7288.56 5.07643E-02
7317.13 5.06593E-02
7345.82 4.68126E-02
7374.61 4.58255E-02
7403.53 4.36088E-02
7432.55 4.20880E-02
7461.66 4.20282E-02
7490.92 4.09541E-02
7520.29 4.11903E-02
7549.76 3.97149E-02
7579.34 3.88651E-02
7609.06 3.80986E-02
7638.88 3.77700E-02
7668.82 3.62552E-02
7698.89 3.73742E-02
7729.06 3.75729E-02
7759.35 3.64879E-02
7789.77 3.60026E-02
7820.31 3.61412E-02
7850.95 3.54134E-02
7881.73 3.77437E-02
7912.62 3.85209E-02
7943.65 3.55855E-02
7974.77 3.68484E-02
8006.04 3.80123E-02
8037.42 3.59689E-02
8068.91 3.67843E-02
8100.55 3.91298E-02
8132.30 3.96484E-02
8164.17 4.03427E-02
8196.18 3.86157E-02
8228.30 3.89536E-02
8260.57 3.89089E-02
8292.95 4.01513E-02
8325.44 4.07950E-02
8358.08 4.18774E-02
8390.83 4.00082E-02
8423.72 3.99604E-02
8456.75 4.00712E-02
8489.89 3.94906E-02
8523.18 3.98405E-02
8556.58 4.00510E-02
8590.12 3.77446E-02
8623.80 3.76386E-02
8657.59 3.50271E-02
8691.53 3.50731E-02
8725.60 3.32343E-02
8759.79 3.04590E-02
8794.12 3.04845E-02
8828.59 3.11333E-02
8863.20 2.99293E-02
8897.95 2.80439E-02
8932.82 2.78999E-02
8967.85 2.78336E-02
9002.99 2.71855E-02
9038.28 2.82967E-02
9073.70 2.87390E-02
9109.27 2.92445E-02
9144.98 2.96394E-02
9180.82 2.75979E-02
9216.81 2.93138E-02
9252.94 2.69876E-02
9289.21 2.50388E-02
9325.62 2.41551E-02
9362.17 2.18521E-02
9398.86 2.10554E-02
9435.71 1.96130E-02
9472.68 1.93814E-02