3506.99 8.94707E-02
3520.74 1.01086E-01
3534.54 1.16149E-01
3548.39 1.30083E-01
3562.30 1.40608E-01
3576.26 1.49458E-01
3590.28 1.62557E-01
3604.35 1.72677E-01
3618.48 1.56404E-01
3632.67 1.44687E-01
3646.91 1.39100E-01
3661.20 1.46809E-01
3675.55 1.47378E-01
3689.96 1.57272E-01
3704.42 1.62842E-01
3718.94 1.58533E-01
3733.52 1.68326E-01
3748.16 1.88052E-01
3762.84 1.89678E-01
3777.59 1.94719E-01
3792.40 1.78213E-01
3807.27 1.69402E-01
3822.19 1.66488E-01
3837.17 1.58550E-01
3852.21 1.62664E-01
3867.31 1.62102E-01
3882.47 1.61924E-01
3897.69 1.65933E-01
3912.96 1.55446E-01
3928.30 1.45432E-01
3943.70 1.46202E-01
3959.16 1.52729E-01
3974.68 1.49289E-01
3990.26 1.51467E-01
4005.90 1.46394E-01
4021.60 1.40791E-01
4037.36 1.42175E-01
4053.19 1.52237E-01
4069.08 1.52708E-01
4085.02 1.45216E-01
4101.04 1.41970E-01
4117.11 1.37669E-01
4133.25 1.24604E-01
4149.45 1.30275E-01
4165.72 1.35237E-01
4182.05 1.32078E-01
4198.43 1.31254E-01
4214.89 1.25850E-01
4231.41 1.15686E-01
4248.00 1.11310E-01
4264.65 1.03731E-01
4281.37 9.51923E-02
4298.15 1.01258E-01
4314.99 1.06607E-01
4331.91 1.17360E-01
4348.89 1.16293E-01
4365.93 1.19432E-01
4383.05 1.17021E-01
4400.23 1.13575E-01
4417.48 1.10455E-01
4434.79 1.08854E-01
4452.17 1.10961E-01
4469.62 1.16506E-01
4487.15 1.19932E-01
4504.73 1.21562E-01
4522.39 1.25561E-01
4540.12 1.26473E-01
4557.91 1.32138E-01
4575.78 1.22831E-01
4593.71 1.14707E-01
4611.72 1.14299E-01
4629.79 1.24892E-01
4647.95 1.24981E-01
4666.16 1.16602E-01
4684.45 1.15634E-01
4702.81 1.17547E-01
4721.25 1.09730E-01
4739.75 1.06731E-01
4758.33 1.05335E-01
4776.98 1.03962E-01
4795.70 1.02566E-01
4814.50 1.03267E-01
4833.37 1.00550E-01
4852.32 1.02652E-01
4871.34 9.90598E-02
4890.43 9.99031E-02
4909.60 9.21709E-02
4928.84 9.06421E-02
4948.16 8.78783E-02
4967.56 7.76523E-02
4987.03 7.34482E-02
5006.58 7.57185E-02
5026.20 7.77179E-02
5045.91 7.99685E-02
5065.68 8.52270E-02
5085.54 8.94880E-02
5105.47 9.69773E-02
5125.48 9.45978E-02
5145.57 9.44068E-02
5165.75 9.44803E-02
5185.99 9.61728E-02
5206.32 1.00077E-01
5226.73 9.91033E-02
5247.22 9.15146E-02
5267.78 8.94802E-02
5288.43 8.47090E-02
5309.16 8.60094E-02
5329.97 8.52687E-02
5350.86 8.61389E-02
5371.84 8.44377E-02
5392.89 8.34233E-02
5414.03 8.21472E-02
5435.25 8.34672E-02
5456.56 7.72010E-02
5477.94 7.69225E-02
5499.42 8.06372E-02
5520.97 8.08841E-02
5542.61 7.74150E-02
5564.34 8.41291E-02
5586.15 8.05186E-02
5608.04 7.85656E-02
5630.02 8.13531E-02
5652.09 7.82454E-02
5674.24 7.46656E-02
5696.49 7.41321E-02
5718.82 7.06319E-02
5741.23 6.96759E-02
5763.73 6.68619E-02
5786.33 6.53477E-02
5809.01 6.94781E-02
5831.78 6.69594E-02
5854.64 6.37362E-02
5877.58 6.55696E-02
5900.62 6.55471E-02
5923.76 6.35190E-02
5946.97 5.87657E-02
5970.28 5.66666E-02
5993.68 5.47376E-02
6017.17 5.08473E-02
6040.76 5.23236E-02
6064.44 5.01794E-02
6088.21 4.58168E-02
6112.08 4.64991E-02
6136.03 4.25786E-02
6160.08 4.26749E-02
6184.23 4.27965E-02
6208.46 4.41271E-02
6232.81 4.38528E-02
6257.24 4.47282E-02
6281.76 4.39316E-02
6306.39 4.51031E-02
6331.11 4.04329E-02
6355.91 3.81410E-02
6380.83 4.09909E-02
6405.84 4.38918E-02
6430.95 4.75847E-02
6456.16 4.91457E-02
6481.47 5.10335E-02
6506.87 5.21932E-02
6532.38 5.12526E-02
6557.97 5.15193E-02
6583.68 4.86183E-02
6609.49 4.75071E-02
6635.39 4.67398E-02
6661.40 4.40321E-02
6687.51 4.17101E-02
6713.74 3.75612E-02
6740.04 3.80946E-02
6766.47 3.49809E-02
6792.99 3.33041E-02
6819.62 3.34466E-02
6846.34 3.15748E-02
6873.18 2.87039E-02
6900.12 2.97607E-02
6927.17 2.69176E-02
6954.32 2.73788E-02
6981.58 2.56897E-02
7008.93 2.45293E-02
7036.42 2.80167E-02
7064.00 2.75919E-02
7091.68 3.15003E-02
7119.49 3.13732E-02
7147.39 3.17780E-02
7175.40 3.17958E-02
7203.54 2.86163E-02
7231.76 2.94583E-02
7260.11 2.71140E-02
7288.56 2.62044E-02
7317.13 2.42621E-02
7345.82 2.32063E-02
7374.61 2.02464E-02
7403.53 2.27000E-02
7432.55 2.02314E-02
7461.66 2.04592E-02
7490.92 2.14018E-02
7520.29 1.98615E-02
7549.76 2.04596E-02
7579.34 1.91362E-02
7609.06 1.91934E-02
7638.88 1.95673E-02
7668.82 1.94106E-02
7698.89 1.75863E-02
7729.06 1.88255E-02
7759.35 1.78692E-02
7789.77 1.62392E-02
7820.31 1.77606E-02
7850.95 1.88737E-02
7881.73 1.87796E-02
7912.62 1.88550E-02
7943.65 1.90092E-02
7974.77 1.87801E-02
8006.04 1.84484E-02
8037.42 1.95479E-02
8068.91 1.96621E-02
8100.55 1.89560E-02
8132.30 1.79089E-02
8164.17 2.01872E-02
8196.18 1.91255E-02
8228.30 1.94682E-02
8260.57 1.82856E-02
8292.95 1.88565E-02
8325.44 2.01337E-02
8358.08 1.99984E-02
8390.83 2.15758E-02
8423.72 2.11000E-02
8456.75 2.12863E-02
8489.89 1.97727E-02
8523.18 1.92464E-02
8556.58 1.75112E-02
8590.12 1.79188E-02
8623.80 1.74789E-02
8657.59 1.74228E-02
8691.53 1.48302E-02
8725.60 1.42508E-02
8759.79 1.48219E-02
8794.12 1.44453E-02
8828.59 1.38467E-02
8863.20 1.30593E-02
8897.95 1.33064E-02
8932.82 1.27250E-02
8967.85 1.18136E-02
9002.99 1.22599E-02
9038.28 1.22527E-02
9073.70 1.43656E-02
9109.27 1.37377E-02
9144.98 1.30163E-02
9180.82 1.34353E-02
9216.81 1.38238E-02
9252.94 1.28741E-02
9289.21 1.17380E-02
9325.62 1.14128E-02
9362.17 9.79901E-03
9398.86 9.62712E-03
9435.71 1.00381E-02
9472.68 1.06776E-02
