3506.99 1.74993E-02
3520.74 1.91649E-02
3534.54 2.20964E-02
3548.39 2.44208E-02
3562.30 2.83939E-02
3576.26 3.41484E-02
3590.28 3.77463E-02
3604.35 3.87015E-02
3618.48 3.55730E-02
3632.67 3.23086E-02
3646.91 3.22621E-02
3661.20 3.40963E-02
3675.55 4.17886E-02
3689.96 4.80417E-02
3704.42 5.33085E-02
3718.94 5.52111E-02
3733.52 5.72241E-02
3748.16 6.03103E-02
3762.84 6.58547E-02
3777.59 6.64498E-02
3792.40 5.62114E-02
3807.27 4.67221E-02
3822.19 3.67944E-02
3837.17 3.07290E-02
3852.21 3.32980E-02
3867.31 3.87050E-02
3882.47 4.60572E-02
3897.69 5.35052E-02
3912.96 5.46336E-02
3928.30 5.51472E-02
3943.70 5.57326E-02
3959.16 6.41259E-02
3974.68 7.04684E-02
3990.26 7.08550E-02
4005.90 6.20613E-02
4021.60 5.36660E-02
4037.36 4.78327E-02
4053.19 4.83355E-02
4069.08 4.78978E-02
4085.02 4.52310E-02
4101.04 4.39755E-02
4117.11 4.72120E-02
4133.25 4.73350E-02
4149.45 4.65961E-02
4165.72 4.83726E-02
4182.05 5.47486E-02
4198.43 6.09601E-02
4214.89 5.53950E-02
4231.41 5.41331E-02
4248.00 5.10826E-02
4264.65 5.45755E-02
4281.37 5.40230E-02
4298.15 5.63914E-02
4314.99 5.95834E-02
4331.91 6.29656E-02
4348.89 5.72345E-02
4365.93 4.88748E-02
4383.05 4.30367E-02
4400.23 3.94308E-02
4417.48 3.69502E-02
4434.79 3.86381E-02
4452.17 4.43243E-02
4469.62 4.81580E-02
4487.15 4.91710E-02
4504.73 4.85803E-02
4522.39 5.40709E-02
4540.12 7.02804E-02
4557.91 1.01122E-01
4575.78 1.20998E-01
4593.71 1.24297E-01
4611.72 1.37946E-01
4629.79 1.51291E-01
4647.95 1.58654E-01
4666.16 1.35455E-01
4684.45 1.10772E-01
4702.81 8.59785E-02
4721.25 7.21225E-02
4739.75 6.49081E-02
4758.33 5.87420E-02
4776.98 5.27548E-02
4795.70 6.09320E-02
4814.50 7.23479E-02
4833.37 7.56995E-02
4852.32 6.88907E-02
4871.34 6.93141E-02
4890.43 7.87740E-02
4909.60 9.90605E-02
4928.84 1.20740E-01
4948.16 1.26863E-01
4967.56 1.23634E-01
4987.03 1.00077E-01
5006.58 8.12684E-02
5026.20 6.84639E-02
5045.91 6.13470E-02
5065.68 5.70114E-02
5085.54 5.48320E-02
5105.47 5.27802E-02
5125.48 5.20915E-02
5145.57 5.02152E-02
5165.75 5.10374E-02
5185.99 5.59224E-02
5206.32 7.10260E-02
5226.73 9.21565E-02
5247.22 1.02033E-01
5267.78 1.10592E-01
5288.43 1.23921E-01
5309.16 1.30582E-01
5329.97 1.23108E-01
5350.86 1.11687E-01
5371.84 1.08493E-01
5392.89 1.15366E-01
5414.03 1.24415E-01
5435.25 1.30480E-01
5456.56 1.31399E-01
5477.94 1.30898E-01
5499.42 1.27921E-01
5520.97 1.24531E-01
5542.61 1.19782E-01
5564.34 1.20096E-01
5586.15 1.19136E-01
5608.04 1.19097E-01
5630.02 1.16187E-01
5652.09 1.15830E-01
5674.24 1.09636E-01
5696.49 1.05370E-01
5718.82 1.01820E-01
5741.23 9.91930E-02
5763.73 9.33879E-02
5786.33 8.71245E-02
5809.01 8.16538E-02
5831.78 8.51437E-02
5854.64 8.47716E-02
5877.58 8.25680E-02
5900.62 8.09168E-02
5923.76 7.71786E-02
5946.97 7.03922E-02
5970.28 6.82339E-02
5993.68 7.12110E-02
6017.17 7.21670E-02
6040.76 6.99500E-02
6064.44 6.72817E-02
6088.21 7.22483E-02
6112.08 7.95939E-02
6136.03 7.92753E-02
6160.08 7.26732E-02
6184.23 6.77781E-02
6208.46 6.80134E-02
6232.81 6.64591E-02
6257.24 6.49070E-02
6281.76 7.14266E-02
6306.39 7.63658E-02
6331.11 8.43846E-02
6355.91 9.12803E-02
6380.83 9.61751E-02
6405.84 1.01678E-01
6430.95 1.06380E-01
6456.16 1.06456E-01
6481.47 1.09780E-01
6506.87 1.13243E-01
6532.38 1.12141E-01
6557.97 1.03234E-01
6583.68 1.00807E-01
6609.49 9.08368E-02
6635.39 7.85990E-02
6661.40 7.23621E-02
6687.51 6.34406E-02
6713.74 5.79552E-02
6740.04 5.47028E-02
6766.47 5.25153E-02
6792.99 5.13850E-02
6819.62 4.80045E-02
6846.34 4.57293E-02
6873.18 4.21050E-02
6900.12 4.00701E-02
6927.17 3.90456E-02
6954.32 3.79781E-02
6981.58 3.55760E-02
7008.93 3.28349E-02
7036.42 3.24610E-02
7064.00 3.34946E-02
7091.68 3.40109E-02
7119.49 3.84972E-02
7147.39 4.56750E-02
7175.40 4.90376E-02
7203.54 4.82201E-02
7231.76 4.60266E-02
7260.11 4.49483E-02
7288.56 4.57489E-02
7317.13 4.58762E-02
7345.82 4.69414E-02
7374.61 4.54474E-02
7403.53 4.51298E-02
7432.55 4.43379E-02
7461.66 4.02797E-02
7490.92 3.92854E-02
7520.29 3.99245E-02
7549.76 3.82969E-02
7579.34 3.88247E-02
7609.06 3.86391E-02
7638.88 4.06705E-02
7668.82 4.06478E-02
7698.89 4.04245E-02
7729.06 4.15149E-02
7759.35 3.99787E-02
7789.77 3.86208E-02
7820.31 3.93561E-02
7850.95 3.63611E-02
7881.73 3.72606E-02
7912.62 3.56025E-02
7943.65 3.72986E-02
7974.77 3.63253E-02
8006.04 3.57808E-02
8037.42 3.62638E-02
8068.91 3.54868E-02
8100.55 3.69854E-02
8132.30 3.90785E-02
8164.17 3.73102E-02
8196.18 3.46277E-02
8228.30 2.93342E-02
8260.57 2.90183E-02
8292.95 3.03151E-02
8325.44 3.23197E-02
8358.08 3.30228E-02
8390.83 3.53742E-02
8423.72 3.95056E-02
8456.75 4.59151E-02
8489.89 4.87632E-02
8523.18 5.29998E-02
8556.58 5.47378E-02
8590.12 5.75789E-02
8623.80 5.80769E-02
8657.59 5.78999E-02
8691.53 5.61589E-02
8725.60 5.49411E-02
8759.79 5.18036E-02
8794.12 4.76821E-02
8828.59 4.64985E-02
8863.20 4.46092E-02
8897.95 4.23114E-02
8932.82 4.03181E-02
8967.85 3.98330E-02
9002.99 3.92778E-02
9038.28 3.75115E-02
9073.70 3.77821E-02
9109.27 3.55551E-02
9144.98 3.61261E-02
9180.82 3.43992E-02
9216.81 3.37121E-02
9252.94 3.15388E-02
9289.21 2.94409E-02
9325.62 2.85684E-02
9362.17 2.67100E-02
9398.86 2.45341E-02
9435.71 2.37319E-02
9472.68 2.19210E-02