3506.99 3.11766E-02
3520.74 3.73746E-02
3534.54 4.41558E-02
3548.39 5.49813E-02
3562.30 6.08204E-02
3576.26 6.45504E-02
3590.28 6.98796E-02
3604.35 6.01698E-02
3618.48 5.71971E-02
3632.67 5.50538E-02
3646.91 6.37568E-02
3661.20 7.75162E-02
3675.55 8.94325E-02
3689.96 1.00297E-01
3704.42 9.20048E-02
3718.94 9.33052E-02
3733.52 1.02993E-01
3748.16 1.23397E-01
3762.84 1.23428E-01
3777.59 1.03933E-01
3792.40 8.98369E-02
3807.27 7.73649E-02
3822.19 7.00872E-02
3837.17 7.01818E-02
3852.21 7.98866E-02
3867.31 8.25145E-02
3882.47 8.97755E-02
3897.69 8.61077E-02
3912.96 8.20111E-02
3928.30 8.56862E-02
3943.70 9.34662E-02
3959.16 1.03221E-01
3974.68 9.97302E-02
3990.26 9.04281E-02
4005.90 7.82023E-02
4021.60 7.14351E-02
4037.36 6.94803E-02
4053.19 7.02478E-02
4069.08 6.61516E-02
4085.02 6.77431E-02
4101.04 6.79676E-02
4117.11 7.13344E-02
4133.25 7.28815E-02
4149.45 8.19635E-02
4165.72 9.94153E-02
4182.05 9.58910E-02
4198.43 8.77097E-02
4214.89 8.54363E-02
4231.41 8.40500E-02
4248.00 8.40364E-02
4264.65 8.57138E-02
4281.37 8.85163E-02
4298.15 9.60729E-02
4314.99 9.19888E-02
4331.91 8.03100E-02
4348.89 7.23585E-02
4365.93 6.32946E-02
4383.05 5.88916E-02
4400.23 5.26171E-02
4417.48 5.66297E-02
4434.79 6.33189E-02
4452.17 6.55539E-02
4469.62 6.59796E-02
4487.15 7.15046E-02
4504.73 8.77486E-02
4522.39 1.24130E-01
4540.12 1.61880E-01
4557.91 1.77598E-01
4575.78 1.91509E-01
4593.71 2.11112E-01
4611.72 2.15326E-01
4629.79 1.96793E-01
4647.95 1.71613E-01
4666.16 1.37108E-01
4684.45 1.17807E-01
4702.81 1.06459E-01
4721.25 9.19369E-02
4739.75 7.70685E-02
4758.33 7.92016E-02
4776.98 9.64683E-02
4795.70 1.11628E-01
4814.50 1.02155E-01
4833.37 9.30580E-02
4852.32 9.90484E-02
4871.34 1.13927E-01
4890.43 1.32334E-01
4909.60 1.48326E-01
4928.84 1.51069E-01
4948.16 1.38974E-01
4967.56 1.20305E-01
4987.03 1.02735E-01
5006.58 9.31247E-02
5026.20 8.50877E-02
5045.91 7.95851E-02
5065.68 7.26321E-02
5085.54 6.73742E-02
5105.47 6.74225E-02
5125.48 6.68339E-02
5145.57 7.29509E-02
5165.75 9.06075E-02
5185.99 1.13055E-01
5206.32 1.30323E-01
5226.73 1.42416E-01
5247.22 1.55872E-01
5267.78 1.70025E-01
5288.43 1.63232E-01
5309.16 1.52434E-01
5329.97 1.53116E-01
5350.86 1.51197E-01
5371.84 1.63575E-01
5392.89 1.69490E-01
5414.03 1.70427E-01
5435.25 1.68625E-01
5456.56 1.66543E-01
5477.94 1.62391E-01
5499.42 1.52239E-01
5520.97 1.52270E-01
5542.61 1.52006E-01
5564.34 1.57188E-01
5586.15 1.61690E-01
5608.04 1.58228E-01
5630.02 1.57484E-01
5652.09 1.52997E-01
5674.24 1.46403E-01
5696.49 1.40963E-01
5718.82 1.38998E-01
5741.23 1.31011E-01
5763.73 1.21191E-01
5786.33 1.19585E-01
5809.01 1.19467E-01
5831.78 1.19012E-01
5854.64 1.15402E-01
5877.58 1.12145E-01
5900.62 1.08576E-01
5923.76 1.00409E-01
5946.97 1.01645E-01
5970.28 1.05238E-01
5993.68 1.02415E-01
6017.17 9.25533E-02
6040.76 9.55924E-02
6064.44 1.01126E-01
6088.21 1.00948E-01
6112.08 9.44635E-02
6136.03 8.62418E-02
6160.08 8.32551E-02
6184.23 8.44622E-02
6208.46 8.44902E-02
6232.81 8.83953E-02
6257.24 9.64093E-02
6281.76 1.03220E-01
6306.39 1.10578E-01
6331.11 1.15889E-01
6355.91 1.18368E-01
6380.83 1.23071E-01
6405.84 1.25757E-01
6430.95 1.25423E-01
6456.16 1.25747E-01
6481.47 1.26852E-01
6506.87 1.27479E-01
6532.38 1.25222E-01
6557.97 1.19862E-01
6583.68 1.12150E-01
6609.49 1.04528E-01
6635.39 9.53956E-02
6661.40 9.03851E-02
6687.51 8.36376E-02
6713.74 7.86909E-02
6740.04 7.31409E-02
6766.47 6.88241E-02
6792.99 6.62490E-02
6819.62 6.31196E-02
6846.34 6.06041E-02
6873.18 5.82847E-02
6900.12 5.72007E-02
6927.17 5.29621E-02
6954.32 5.02031E-02
6981.58 4.84457E-02
7008.93 4.65654E-02
7036.42 4.39511E-02
7064.00 4.99066E-02
7091.68 5.29914E-02
7119.49 5.62765E-02
7147.39 6.19095E-02
7175.40 5.86765E-02
7203.54 6.14803E-02
7231.76 6.00992E-02
7260.11 6.12835E-02
7288.56 6.00746E-02
7317.13 5.68666E-02
7345.82 5.87706E-02
7374.61 5.47489E-02
7403.53 5.17833E-02
7432.55 5.01442E-02
7461.66 5.01505E-02
7490.92 4.93583E-02
7520.29 4.65646E-02
7549.76 4.87134E-02
7579.34 4.97434E-02
7609.06 4.98304E-02
7638.88 4.80741E-02
7668.82 4.67998E-02
7698.89 4.84556E-02
7729.06 4.59413E-02
7759.35 4.50598E-02
7789.77 4.48257E-02
7820.31 4.50432E-02
7850.95 4.30354E-02
7881.73 4.47058E-02
7912.62 4.40292E-02
7943.65 4.70430E-02
7974.77 4.46157E-02
8006.04 4.59548E-02
8037.42 4.55674E-02
8068.91 4.65210E-02
8100.55 4.76788E-02
8132.30 4.81264E-02
8164.17 5.03034E-02
8196.18 4.45701E-02
8228.30 4.52383E-02
8260.57 4.53448E-02
8292.95 4.59356E-02
8325.44 4.70318E-02
8358.08 5.09443E-02
8390.83 5.13896E-02
8423.72 5.25510E-02
8456.75 5.37888E-02
8489.89 5.44011E-02
8523.18 5.60120E-02
8556.58 5.73506E-02
8590.12 5.67135E-02
8623.80 5.60855E-02
8657.59 5.51074E-02
8691.53 5.27460E-02
8725.60 5.00384E-02
8759.79 4.80343E-02
8794.12 4.62854E-02
8828.59 4.45942E-02
8863.20 4.28041E-02
8897.95 4.14302E-02
8932.82 3.99954E-02
8967.85 3.93193E-02
9002.99 3.87855E-02
9038.28 3.81118E-02
9073.70 3.88027E-02
9109.27 3.94010E-02
9144.98 3.87706E-02
9180.82 3.85861E-02
9216.81 3.70364E-02
9252.94 3.48138E-02
9289.21 3.33107E-02
9325.62 3.26229E-02
9362.17 3.01773E-02
9398.86 2.87402E-02
9435.71 2.73619E-02
9472.68 2.54854E-02