3506.99 3.28980E-02
3520.74 3.83147E-02
3534.54 4.30433E-02
3548.39 4.95041E-02
3562.30 6.49875E-02
3576.26 7.29361E-02
3590.28 7.74676E-02
3604.35 7.87079E-02
3618.48 7.60775E-02
3632.67 7.00090E-02
3646.91 6.94887E-02
3661.20 7.70660E-02
3675.55 9.57283E-02
3689.96 1.11411E-01
3704.42 1.20964E-01
3718.94 1.18149E-01
3733.52 1.11696E-01
3748.16 1.24174E-01
3762.84 1.47974E-01
3777.59 1.49973E-01
3792.40 1.33546E-01
3807.27 1.12914E-01
3822.19 9.84389E-02
3837.17 8.70101E-02
3852.21 8.47224E-02
3867.31 8.67751E-02
3882.47 9.78328E-02
3897.69 1.03027E-01
3912.96 9.95322E-02
3928.30 8.99550E-02
3943.70 9.49052E-02
3959.16 1.07048E-01
3974.68 1.18320E-01
3990.26 1.15253E-01
4005.90 1.02098E-01
4021.60 8.62356E-02
4037.36 7.94948E-02
4053.19 7.85001E-02
4069.08 8.03692E-02
4085.02 7.78608E-02
4101.04 8.00424E-02
4117.11 8.13857E-02
4133.25 8.35091E-02
4149.45 8.74262E-02
4165.72 1.02253E-01
4182.05 1.21998E-01
4198.43 1.17589E-01
4214.89 1.07237E-01
4231.41 1.01443E-01
4248.00 1.02039E-01
4264.65 9.89037E-02
4281.37 1.00865E-01
4298.15 9.82811E-02
4314.99 1.05620E-01
4331.91 1.01761E-01
4348.89 9.43080E-02
4365.93 7.96784E-02
4383.05 6.99934E-02
4400.23 6.59532E-02
4417.48 6.04948E-02
4434.79 6.42785E-02
4452.17 7.42728E-02
4469.62 7.57248E-02
4487.15 8.11810E-02
4504.73 8.12303E-02
4522.39 1.01246E-01
4540.12 1.36430E-01
4557.91 1.64450E-01
4575.78 1.76221E-01
4593.71 1.86065E-01
4611.72 1.96254E-01
4629.79 1.94350E-01
4647.95 1.78659E-01
4666.16 1.57652E-01
4684.45 1.31707E-01
4702.81 1.16020E-01
4721.25 1.10402E-01
4739.75 1.00219E-01
4758.33 8.96153E-02
4776.98 8.59037E-02
4795.70 1.04646E-01
4814.50 1.21234E-01
4833.37 1.11937E-01
4852.32 1.04117E-01
4871.34 1.05565E-01
4890.43 1.17163E-01
4909.60 1.33678E-01
4928.84 1.49256E-01
4948.16 1.50517E-01
4967.56 1.36865E-01
4987.03 1.19517E-01
5006.58 1.02812E-01
5026.20 9.48603E-02
5045.91 8.82641E-02
5065.68 8.54383E-02
5085.54 8.56392E-02
5105.47 8.30172E-02
5125.48 8.23580E-02
5145.57 8.08063E-02
5165.75 9.18587E-02
5185.99 1.07931E-01
5206.32 1.23897E-01
5226.73 1.35770E-01
5247.22 1.49065E-01
5267.78 1.55305E-01
5288.43 1.57004E-01
5309.16 1.51416E-01
5329.97 1.37810E-01
5350.86 1.34339E-01
5371.84 1.37913E-01
5392.89 1.40779E-01
5414.03 1.43768E-01
5435.25 1.43081E-01
5456.56 1.40882E-01
5477.94 1.32308E-01
5499.42 1.28519E-01
5520.97 1.25280E-01
5542.61 1.22558E-01
5564.34 1.24685E-01
5586.15 1.26819E-01
5608.04 1.29669E-01
5630.02 1.28080E-01
5652.09 1.27319E-01
5674.24 1.19817E-01
5696.49 1.12151E-01
5718.82 1.12392E-01
5741.23 1.07514E-01
5763.73 1.00871E-01
5786.33 9.72775E-02
5809.01 9.40780E-02
5831.78 9.45560E-02
5854.64 9.48039E-02
5877.58 9.30542E-02
5900.62 8.97069E-02
5923.76 8.49379E-02
5946.97 8.10789E-02
5970.28 8.22464E-02
5993.68 8.40506E-02
6017.17 7.86417E-02
6040.76 7.44358E-02
6064.44 7.60401E-02
6088.21 7.93590E-02
6112.08 7.52739E-02
6136.03 6.97440E-02
6160.08 6.76212E-02
6184.23 6.73109E-02
6208.46 7.15903E-02
6232.81 7.47323E-02
6257.24 8.05005E-02
6281.76 8.46520E-02
6306.39 8.87764E-02
6331.11 9.30837E-02
6355.91 9.32068E-02
6380.83 9.30016E-02
6405.84 9.40113E-02
6430.95 9.57857E-02
6456.16 9.90087E-02
6481.47 1.02512E-01
6506.87 1.02277E-01
6532.38 1.06402E-01
6557.97 9.68249E-02
6583.68 9.33749E-02
6609.49 8.53666E-02
6635.39 7.85997E-02
6661.40 6.98833E-02
6687.51 6.43451E-02
6713.74 5.82643E-02
6740.04 5.63222E-02
6766.47 5.24996E-02
6792.99 5.10554E-02
6819.62 4.92192E-02
6846.34 4.61452E-02
6873.18 4.41455E-02
6900.12 4.51361E-02
6927.17 3.85020E-02
6954.32 3.90371E-02
6981.58 3.64463E-02
7008.93 3.54216E-02
7036.42 3.56217E-02
7064.00 3.55934E-02
7091.68 3.86056E-02
7119.49 4.27975E-02
7147.39 4.85059E-02
7175.40 4.86490E-02
7203.54 4.81022E-02
7231.76 4.76340E-02
7260.11 4.75498E-02
7288.56 4.46685E-02
7317.13 4.39757E-02
7345.82 4.14918E-02
7374.61 4.02678E-02
7403.53 3.93113E-02
7432.55 3.83876E-02
7461.66 3.69177E-02
7490.92 3.56538E-02
7520.29 3.52934E-02
7549.76 3.43140E-02
7579.34 3.48563E-02
7609.06 3.44694E-02
7638.88 3.52150E-02
7668.82 3.44558E-02
7698.89 3.42309E-02
7729.06 3.25182E-02
7759.35 3.30495E-02
7789.77 3.23183E-02
7820.31 3.13692E-02
7850.95 3.12757E-02
7881.73 3.25063E-02
7912.62 3.30904E-02
7943.65 3.16225E-02
7974.77 3.20782E-02
8006.04 3.43219E-02
8037.42 3.20104E-02
8068.91 3.43818E-02
8100.55 3.47094E-02
8132.30 3.51466E-02
8164.17 3.70437E-02
8196.18 3.69743E-02
8228.30 3.53813E-02
8260.57 3.57022E-02
8292.95 3.64257E-02
8325.44 3.83028E-02
8358.08 3.84536E-02
8390.83 3.85335E-02
8423.72 4.13229E-02
8456.75 4.23121E-02
8489.89 4.18235E-02
8523.18 4.35980E-02
8556.58 4.45150E-02
8590.12 4.42395E-02
8623.80 4.46828E-02
8657.59 4.35007E-02
8691.53 4.12302E-02
8725.60 3.98889E-02
8759.79 3.83762E-02
8794.12 3.66997E-02
8828.59 3.53597E-02
8863.20 3.44412E-02
8897.95 3.26739E-02
8932.82 3.04796E-02
8967.85 3.10449E-02
9002.99 2.97491E-02
9038.28 2.98399E-02
9073.70 2.73446E-02
9109.27 2.81267E-02
9144.98 2.85108E-02
9180.82 2.82697E-02
9216.81 2.83438E-02
9252.94 2.67340E-02
9289.21 2.57818E-02
9325.62 2.46566E-02
9362.17 2.19905E-02
9398.86 2.07191E-02
9435.71 1.90248E-02
9472.68 1.78916E-02
