3506.99 6.05845E-02
3520.74 6.90838E-02
3534.54 8.44108E-02
3548.39 9.75202E-02
3562.30 1.16242E-01
3576.26 1.25434E-01
3590.28 1.33682E-01
3604.35 1.47661E-01
3618.48 1.38387E-01
3632.67 1.23173E-01
3646.91 1.20867E-01
3661.20 1.32144E-01
3675.55 1.52502E-01
3689.96 1.76328E-01
3704.42 1.79054E-01
3718.94 1.71873E-01
3733.52 1.78167E-01
3748.16 1.96181E-01
3762.84 2.25110E-01
3777.59 2.22795E-01
3792.40 2.00025E-01
3807.27 1.92022E-01
3822.19 1.71208E-01
3837.17 1.55846E-01
3852.21 1.55913E-01
3867.31 1.61776E-01
3882.47 1.68369E-01
3897.69 1.70850E-01
3912.96 1.52697E-01
3928.30 1.41887E-01
3943.70 1.46412E-01
3959.16 1.61709E-01
3974.68 1.72006E-01
3990.26 1.66137E-01
4005.90 1.49315E-01
4021.60 1.33844E-01
4037.36 1.26761E-01
4053.19 1.37753E-01
4069.08 1.50855E-01
4085.02 1.46480E-01
4101.04 1.46359E-01
4117.11 1.38835E-01
4133.25 1.40941E-01
4149.45 1.49011E-01
4165.72 1.63496E-01
4182.05 1.68828E-01
4198.43 1.60143E-01
4214.89 1.50699E-01
4231.41 1.47420E-01
4248.00 1.38815E-01
4264.65 1.33315E-01
4281.37 1.25296E-01
4298.15 1.22288E-01
4314.99 1.28102E-01
4331.91 1.24021E-01
4348.89 1.21392E-01
4365.93 1.15475E-01
4383.05 1.13356E-01
4400.23 1.02937E-01
4417.48 1.01338E-01
4434.79 1.06180E-01
4452.17 1.16207E-01
4469.62 1.23882E-01
4487.15 1.26484E-01
4504.73 1.39534E-01
4522.39 1.52230E-01
4540.12 1.68888E-01
4557.91 1.80086E-01
4575.78 1.87995E-01
4593.71 1.79257E-01
4611.72 1.74621E-01
4629.79 1.68162E-01
4647.95 1.68321E-01
4666.16 1.61240E-01
4684.45 1.43985E-01
4702.81 1.40388E-01
4721.25 1.39692E-01
4739.75 1.30063E-01
4758.33 1.19491E-01
4776.98 1.20526E-01
4795.70 1.30787E-01
4814.50 1.39870E-01
4833.37 1.29445E-01
4852.32 1.21579E-01
4871.34 1.22686E-01
4890.43 1.29923E-01
4909.60 1.37714E-01
4928.84 1.39902E-01
4948.16 1.29887E-01
4967.56 1.19156E-01
4987.03 1.08177E-01
5006.58 1.01024E-01
5026.20 9.73438E-02
5045.91 1.01752E-01
5065.68 1.03466E-01
5085.54 1.05640E-01
5105.47 1.13986E-01
5125.48 1.16735E-01
5145.57 1.18803E-01
5165.75 1.29186E-01
5185.99 1.34095E-01
5206.32 1.37590E-01
5226.73 1.39028E-01
5247.22 1.42419E-01
5267.78 1.39456E-01
5288.43 1.30968E-01
5309.16 1.24961E-01
5329.97 1.23742E-01
5350.86 1.24861E-01
5371.84 1.24729E-01
5392.89 1.27722E-01
5414.03 1.27257E-01
5435.25 1.26840E-01
5456.56 1.19817E-01
5477.94 1.11563E-01
5499.42 1.10248E-01
5520.97 1.09298E-01
5542.61 1.14453E-01
5564.34 1.13853E-01
5586.15 1.18516E-01
5608.04 1.11743E-01
5630.02 1.13865E-01
5652.09 1.11075E-01
5674.24 1.08607E-01
5696.49 1.03608E-01
5718.82 9.88709E-02
5741.23 9.85691E-02
5763.73 9.52541E-02
5786.33 9.55503E-02
5809.01 9.41162E-02
5831.78 9.24289E-02
5854.64 8.97171E-02
5877.58 8.78742E-02
5900.62 8.57096E-02
5923.76 8.35380E-02
5946.97 8.20797E-02
5970.28 7.95282E-02
5993.68 7.49795E-02
6017.17 7.30057E-02
6040.76 7.28585E-02
6064.44 7.23331E-02
6088.21 6.71983E-02
6112.08 6.61203E-02
6136.03 6.08001E-02
6160.08 5.91670E-02
6184.23 5.88160E-02
6208.46 6.25120E-02
6232.81 6.68094E-02
6257.24 6.91223E-02
6281.76 6.96932E-02
6306.39 6.83706E-02
6331.11 6.90847E-02
6355.91 6.66880E-02
6380.83 6.56912E-02
6405.84 6.67909E-02
6430.95 7.23863E-02
6456.16 7.84774E-02
6481.47 7.80549E-02
6506.87 8.31925E-02
6532.38 8.21647E-02
6557.97 7.98615E-02
6583.68 7.55034E-02
6609.49 7.14213E-02
6635.39 6.61953E-02
6661.40 6.20054E-02
6687.51 5.80674E-02
6713.74 5.20421E-02
6740.04 5.16868E-02
6766.47 4.71578E-02
6792.99 4.60624E-02
6819.62 4.36022E-02
6846.34 4.34906E-02
6873.18 3.93777E-02
6900.12 3.83750E-02
6927.17 3.71234E-02
6954.32 3.56588E-02
6981.58 3.53148E-02
7008.93 3.45360E-02
7036.42 3.44914E-02
7064.00 3.83411E-02
7091.68 4.01045E-02
7119.49 4.33646E-02
7147.39 4.52192E-02
7175.40 4.51830E-02
7203.54 4.43250E-02
7231.76 4.20782E-02
7260.11 3.89721E-02
7288.56 3.89217E-02
7317.13 3.50478E-02
7345.82 3.46959E-02
7374.61 3.30028E-02
7403.53 3.16168E-02
7432.55 3.11969E-02
7461.66 3.11128E-02
7490.92 2.97406E-02
7520.29 2.87281E-02
7549.76 2.86123E-02
7579.34 2.77354E-02
7609.06 2.64615E-02
7638.88 2.59392E-02
7668.82 2.58146E-02
7698.89 2.71229E-02
7729.06 2.62059E-02
7759.35 2.58142E-02
7789.77 2.61158E-02
7820.31 2.62972E-02
7850.95 2.57745E-02
7881.73 2.52181E-02
7912.62 2.64035E-02
7943.65 2.58409E-02
7974.77 2.67678E-02
8006.04 2.67413E-02
8037.42 2.70005E-02
8068.91 2.84814E-02
8100.55 2.69067E-02
8132.30 2.81508E-02
8164.17 2.93367E-02
8196.18 2.74428E-02
8228.30 2.94098E-02
8260.57 2.89458E-02
8292.95 3.05977E-02
8325.44 2.81840E-02
8358.08 3.00163E-02
8390.83 3.15264E-02
8423.72 3.09022E-02
8456.75 3.08452E-02
8489.89 3.04624E-02
8523.18 3.11589E-02
8556.58 3.08928E-02
8590.12 2.99815E-02
8623.80 2.82531E-02
8657.59 2.80368E-02
8691.53 2.66406E-02
8725.60 2.55206E-02
8759.79 2.42532E-02
8794.12 2.31289E-02
8828.59 2.26466E-02
8863.20 2.15777E-02
8897.95 2.18885E-02
8932.82 1.92062E-02
8967.85 1.98714E-02
9002.99 1.98227E-02
9038.28 1.99463E-02
9073.70 1.93379E-02
9109.27 2.10638E-02
9144.98 2.09276E-02
9180.82 2.16546E-02
9216.81 2.14022E-02
9252.94 2.05857E-02
9289.21 1.90944E-02
9325.62 1.75432E-02
9362.17 1.72513E-02
9398.86 1.53491E-02
9435.71 1.35895E-02
9472.68 1.41917E-02
