3506.99 1.04756E-02 
3520.74 1.01482E-02 
3534.54 1.00363E-02 
3548.39 1.22763E-02 
3562.30 1.48772E-02 
3576.26 1.79492E-02 
3590.28 2.10817E-02 
3604.35 2.45749E-02 
3618.48 2.44032E-02 
3632.67 2.77443E-02 
3646.91 2.78466E-02 
3661.20 2.17844E-02 
3675.55 1.85559E-02 
3689.96 2.11837E-02 
3704.42 2.79433E-02 
3718.94 3.33273E-02 
3733.52 3.51592E-02 
3748.16 3.03803E-02 
3762.84 2.96435E-02 
3777.59 3.46143E-02 
3792.40 3.98453E-02 
3807.27 4.29476E-02 
3822.19 3.64800E-02 
3837.17 3.30790E-02 
3852.21 2.91988E-02 
3867.31 2.53331E-02 
3882.47 2.64101E-02 
3897.69 2.74899E-02 
3912.96 2.86588E-02 
3928.30 3.00016E-02 
3943.70 2.86053E-02 
3959.16 2.22500E-02 
3974.68 2.25170E-02 
3990.26 2.76623E-02 
4005.90 3.33515E-02 
4021.60 3.20780E-02 
4037.36 2.82353E-02 
4053.19 2.33090E-02 
4069.08 2.18354E-02 
4085.02 2.26351E-02 
4101.04 2.62545E-02 
4117.11 2.53405E-02 
4133.25 2.36968E-02 
4149.45 2.44794E-02 
4165.72 2.58213E-02 
4182.05 2.69408E-02 
4198.43 2.89643E-02 
4214.89 3.20998E-02 
4231.41 3.11817E-02 
4248.00 2.58087E-02 
4264.65 2.55789E-02 
4281.37 2.61330E-02 
4298.15 2.48091E-02 
4314.99 2.35942E-02 
4331.91 2.40835E-02 
4348.89 2.38206E-02 
4365.93 2.38684E-02 
4383.05 2.22311E-02 
4400.23 2.03898E-02 
4417.48 2.01501E-02 
4434.79 1.86970E-02 
4452.17 1.75831E-02 
4469.62 1.80490E-02 
4487.15 2.01518E-02 
4504.73 2.24764E-02 
4522.39 2.42261E-02 
4540.12 2.50941E-02 
4557.91 2.86566E-02 
4575.78 3.36037E-02 
4593.71 3.49529E-02 
4611.72 3.49975E-02 
4629.79 3.52130E-02 
4647.95 3.14255E-02 
4666.16 2.88205E-02 
4684.45 2.79773E-02 
4702.81 2.70293E-02 
4721.25 2.45114E-02 
4739.75 2.21709E-02 
4758.33 2.35567E-02 
4776.98 2.20312E-02 
4795.70 1.89476E-02 
4814.50 2.07546E-02 
4833.37 2.42893E-02 
4852.32 2.56892E-02 
4871.34 2.46125E-02 
4890.43 2.11993E-02 
4909.60 2.23085E-02 
4928.84 2.49058E-02 
4948.16 2.61561E-02 
4967.56 2.63430E-02 
4987.03 2.55538E-02 
5006.58 2.35864E-02 
5026.20 2.04944E-02 
5045.91 1.68983E-02 
5065.68 1.72605E-02 
5085.54 1.88576E-02 
5105.47 1.90260E-02 
5125.48 1.95985E-02 
5145.57 2.07551E-02 
5165.75 2.12750E-02 
5185.99 2.13160E-02 
5206.32 2.32616E-02 
5226.73 2.44172E-02 
5247.22 2.59307E-02 
5267.78 2.51306E-02 
5288.43 2.59872E-02 
5309.16 2.68422E-02 
5329.97 2.46465E-02 
5350.86 2.15733E-02 
5371.84 2.03740E-02 
5392.89 2.14339E-02 
5414.03 2.26408E-02 
5435.25 2.26393E-02 
5456.56 2.22209E-02 
5477.94 2.15785E-02 
5499.42 2.03790E-02 
5520.97 1.90008E-02 
5542.61 1.76133E-02 
5564.34 1.88713E-02 
5586.15 2.00160E-02 
5608.04 2.08332E-02 
5630.02 2.06820E-02 
5652.09 2.03567E-02 
5674.24 1.98985E-02 
5696.49 1.81451E-02 
5718.82 1.77421E-02 
5741.23 1.68169E-02 
5763.73 1.60691E-02 
5786.33 1.51258E-02 
5809.01 1.48709E-02 
5831.78 1.45350E-02 
5854.64 1.52300E-02 
5877.58 1.57892E-02 
5900.62 1.50524E-02 
5923.76 1.47738E-02 
5946.97 1.38250E-02 
5970.28 1.26078E-02 
5993.68 1.26877E-02 
6017.17 1.27485E-02 
6040.76 1.22579E-02 
6064.44 1.10044E-02 
6088.21 1.09551E-02 
6112.08 1.04387E-02 
6136.03 1.11250E-02 
6160.08 1.02993E-02 
6184.23 9.30010E-03 
6208.46 9.01772E-03 
6232.81 9.79715E-03 
6257.24 1.14680E-02 
6281.76 1.17225E-02 
6306.39 1.23893E-02 
6331.11 1.25952E-02 
6355.91 1.23245E-02 
6380.83 1.21239E-02 
6405.84 1.18148E-02 
6430.95 1.12195E-02 
6456.16 1.12438E-02 
6481.47 1.18220E-02 
6506.87 1.35942E-02 
6532.38 1.50792E-02 
6557.97 1.60081E-02 
6583.68 1.53474E-02 
6609.49 1.43203E-02 
6635.39 1.25650E-02 
6661.40 1.09422E-02 
6687.51 9.98256E-03 
6713.74 9.30254E-03 
6740.04 8.92424E-03 
6766.47 8.51720E-03 
6792.99 7.91497E-03 
6819.62 7.28151E-03 
6846.34 7.11528E-03 
6873.18 6.79404E-03 
6900.12 6.58405E-03 
6927.17 5.92335E-03 
6954.32 5.40115E-03 
6981.58 5.13465E-03 
7008.93 5.46587E-03 
7036.42 5.33570E-03 
7064.00 5.50369E-03 
7091.68 5.11987E-03 
7119.49 5.35702E-03 
7147.39 6.38918E-03 
7175.40 8.02277E-03 
7203.54 8.04254E-03 
7231.76 8.14424E-03 
7260.11 7.41086E-03 
7288.56 7.08793E-03 
7317.13 6.21160E-03 
7345.82 5.22288E-03 
7374.61 5.06129E-03 
7403.53 5.24065E-03 
7432.55 4.88315E-03 
7461.66 4.93174E-03 
7490.92 4.53489E-03 
7520.29 4.52556E-03 
7549.76 4.59291E-03 
7579.34 4.67383E-03 
7609.06 4.61883E-03 
7638.88 4.67064E-03 
7668.82 4.71522E-03 
7698.89 4.53502E-03 
7729.06 4.31289E-03 
7759.35 4.38131E-03 
7789.77 4.15096E-03 
7820.31 3.96124E-03 
7850.95 4.10510E-03 
7881.73 4.14647E-03 
7912.62 4.18756E-03 
7943.65 4.38962E-03 
7974.77 4.86172E-03 
8006.04 4.83075E-03 
8037.42 4.92805E-03 
8068.91 5.05206E-03 
8100.55 4.80338E-03 
8132.30 5.15897E-03 
8164.17 5.18511E-03 
8196.18 5.07677E-03 
8228.30 5.50860E-03 
8260.57 5.24726E-03 
8292.95 5.15706E-03 
8325.44 5.17372E-03 
8358.08 5.35698E-03 
8390.83 5.37550E-03 
8423.72 5.64624E-03 
8456.75 5.80721E-03 
8489.89 5.73375E-03 
8523.18 5.29234E-03 
8556.58 5.25881E-03 
8590.12 5.00184E-03 
8623.80 5.01759E-03 
8657.59 4.62444E-03 
8691.53 4.53427E-03 
8725.60 4.19589E-03 
8759.79 4.09745E-03 
8794.12 3.58892E-03 
8828.59 3.77562E-03 
8863.20 3.32188E-03 
8897.95 3.36996E-03 
8932.82 3.47671E-03 
8967.85 3.36420E-03 
9002.99 3.19013E-03 
9038.28 3.04947E-03 
9073.70 2.92446E-03 
9109.27 3.13537E-03 
9144.98 3.12556E-03 
9180.82 3.28252E-03 
9216.81 3.41329E-03 
9252.94 3.37776E-03 
9289.21 3.40547E-03 
9325.62 3.11658E-03 
9362.17 2.73453E-03 
9398.86 2.48279E-03 
9435.71 2.29697E-03 
9472.68 2.15708E-03 
 
 