3506.99 5.58176E-03
3520.74 5.39670E-03
3534.54 5.58888E-03
3548.39 6.13826E-03
3562.30 7.10592E-03
3576.26 8.33363E-03
3590.28 1.13450E-02
3604.35 1.35391E-02
3618.48 1.32541E-02
3632.67 1.43216E-02
3646.91 1.33531E-02
3661.20 1.14176E-02
3675.55 1.01603E-02
3689.96 1.12333E-02
3704.42 1.53798E-02
3718.94 2.01581E-02
3733.52 2.29951E-02
3748.16 2.15271E-02
3762.84 1.80211E-02
3777.59 1.88706E-02
3792.40 2.55941E-02
3807.27 2.76530E-02
3822.19 2.18956E-02
3837.17 1.71998E-02
3852.21 1.43295E-02
3867.31 1.24448E-02
3882.47 1.22922E-02
3897.69 1.55371E-02
3912.96 1.69180E-02
3928.30 1.84275E-02
3943.70 1.87780E-02
3959.16 1.58684E-02
3974.68 1.45652E-02
3990.26 1.77009E-02
4005.90 2.04068E-02
4021.60 2.19390E-02
4037.36 2.05928E-02
4053.19 1.60671E-02
4069.08 1.30813E-02
4085.02 1.25987E-02
4101.04 1.34401E-02
4117.11 1.34438E-02
4133.25 1.34482E-02
4149.45 1.45515E-02
4165.72 1.49720E-02
4182.05 1.60739E-02
4198.43 1.87684E-02
4214.89 2.26043E-02
4231.41 2.32094E-02
4248.00 1.99585E-02
4264.65 1.71973E-02
4281.37 1.74220E-02
4298.15 1.78320E-02
4314.99 1.80064E-02
4331.91 1.77077E-02
4348.89 1.99021E-02
4365.93 2.02048E-02
4383.05 1.73313E-02
4400.23 1.41151E-02
4417.48 1.23266E-02
4434.79 1.09453E-02
4452.17 1.01723E-02
4469.62 1.04459E-02
4487.15 1.30316E-02
4504.73 1.39365E-02
4522.39 1.55749E-02
4540.12 1.57721E-02
4557.91 1.79156E-02
4575.78 2.42917E-02
4593.71 3.05241E-02
4611.72 3.22635E-02
4629.79 3.25453E-02
4647.95 3.40934E-02
4666.16 3.19030E-02
4684.45 2.84455E-02
4702.81 2.44395E-02
4721.25 2.07302E-02
4739.75 1.70339E-02
4758.33 1.67210E-02
4776.98 1.71514E-02
4795.70 1.48601E-02
4814.50 1.38807E-02
4833.37 1.74509E-02
4852.32 2.27650E-02
4871.34 2.17118E-02
4890.43 1.76931E-02
4909.60 1.73304E-02
4928.84 2.12179E-02
4948.16 2.46512E-02
4967.56 2.75862E-02
4987.03 2.84486E-02
5006.58 2.71293E-02
5026.20 2.11573E-02
5045.91 1.65494E-02
5065.68 1.47212E-02
5085.54 1.47771E-02
5105.47 1.50891E-02
5125.48 1.60121E-02
5145.57 1.53724E-02
5165.75 1.60249E-02
5185.99 1.45149E-02
5206.32 1.56821E-02
5226.73 1.84982E-02
5247.22 2.26224E-02
5267.78 2.48826E-02
5288.43 2.50556E-02
5309.16 2.60435E-02
5329.97 2.75363E-02
5350.86 2.48408E-02
5371.84 2.12933E-02
5392.89 2.10212E-02
5414.03 2.14482E-02
5435.25 2.23597E-02
5456.56 2.25491E-02
5477.94 2.28282E-02
5499.42 2.11988E-02
5520.97 1.96969E-02
5542.61 1.88672E-02
5564.34 1.82244E-02
5586.15 1.81613E-02
5608.04 1.88341E-02
5630.02 1.96918E-02
5652.09 1.93275E-02
5674.24 1.89211E-02
5696.49 1.70545E-02
5718.82 1.68765E-02
5741.23 1.63158E-02
5763.73 1.48996E-02
5786.33 1.39071E-02
5809.01 1.38301E-02
5831.78 1.33665E-02
5854.64 1.36709E-02
5877.58 1.42594E-02
5900.62 1.37320E-02
5923.76 1.33576E-02
5946.97 1.28532E-02
5970.28 1.14903E-02
5993.68 1.12108E-02
6017.17 1.19228E-02
6040.76 1.21742E-02
6064.44 1.14020E-02
6088.21 1.05043E-02
6112.08 1.09151E-02
6136.03 1.15027E-02
6160.08 1.11294E-02
6184.23 1.06093E-02
6208.46 9.68894E-03
6232.81 9.82446E-03
6257.24 1.11258E-02
6281.76 1.20742E-02
6306.39 1.29127E-02
6331.11 1.40988E-02
6355.91 1.44195E-02
6380.83 1.46464E-02
6405.84 1.43157E-02
6430.95 1.41130E-02
6456.16 1.35515E-02
6481.47 1.37834E-02
6506.87 1.48787E-02
6532.38 1.64294E-02
6557.97 1.69412E-02
6583.68 1.64690E-02
6609.49 1.46454E-02
6635.39 1.29637E-02
6661.40 1.04018E-02
6687.51 8.86048E-03
6713.74 8.04881E-03
6740.04 7.52817E-03
6766.47 7.46641E-03
6792.99 7.35319E-03
6819.62 6.64121E-03
6846.34 6.17548E-03
6873.18 5.86986E-03
6900.12 5.65117E-03
6927.17 5.50956E-03
6954.32 4.72736E-03
6981.58 4.67126E-03
7008.93 4.26154E-03
7036.42 4.06651E-03
7064.00 4.32065E-03
7091.68 4.48987E-03
7119.49 4.56547E-03
7147.39 5.35842E-03
7175.40 6.90200E-03
7203.54 7.85796E-03
7231.76 8.08738E-03
7260.11 7.27066E-03
7288.56 6.60531E-03
7317.13 6.12033E-03
7345.82 5.54506E-03
7374.61 5.07222E-03
7403.53 5.29830E-03
7432.55 5.35074E-03
7461.66 5.42822E-03
7490.92 4.97156E-03
7520.29 4.79999E-03
7549.76 4.71681E-03
7579.34 4.77671E-03
7609.06 4.90667E-03
7638.88 4.74942E-03
7668.82 4.99075E-03
7698.89 5.09030E-03
7729.06 4.87910E-03
7759.35 4.82372E-03
7789.77 4.43930E-03
7820.31 4.51907E-03
7850.95 4.58561E-03
7881.73 4.56050E-03
7912.62 4.68101E-03
7943.65 4.97491E-03
7974.77 5.26024E-03
8006.04 5.58106E-03
8037.42 6.01742E-03
8068.91 5.99439E-03
8100.55 5.99440E-03
8132.30 6.01050E-03
8164.17 6.18123E-03
8196.18 6.24461E-03
8228.30 6.23407E-03
8260.57 6.06492E-03
8292.95 5.52537E-03
8325.44 5.41606E-03
8358.08 5.92951E-03
8390.83 6.01352E-03
8423.72 6.20984E-03
8456.75 6.37044E-03
8489.89 6.88970E-03
8523.18 6.88877E-03
8556.58 6.81843E-03
8590.12 6.77329E-03
8623.80 6.99352E-03
8657.59 7.03966E-03
8691.53 6.44214E-03
8725.60 6.28128E-03
8759.79 6.05418E-03
8794.12 5.50896E-03
8828.59 5.15879E-03
8863.20 4.83717E-03
8897.95 4.37643E-03
8932.82 4.30762E-03
8967.85 4.34485E-03
9002.99 4.01610E-03
9038.28 4.23388E-03
9073.70 4.02548E-03
9109.27 4.11088E-03
9144.98 4.13007E-03
9180.82 3.85694E-03
9216.81 4.05563E-03
9252.94 4.08590E-03
9289.21 3.90775E-03
9325.62 3.67129E-03
9362.17 3.17184E-03
9398.86 2.89705E-03
9435.71 2.41342E-03
9472.68 2.45447E-03

