3506.99 1.46896E-02
3520.74 1.37769E-02
3534.54 1.38369E-02
3548.39 1.66736E-02
3562.30 2.26620E-02
3576.26 2.46828E-02
3590.28 2.83840E-02
3604.35 2.99966E-02
3618.48 3.22224E-02
3632.67 3.58351E-02
3646.91 3.34126E-02
3661.20 2.61316E-02
3675.55 2.29796E-02
3689.96 2.67065E-02
3704.42 3.12019E-02
3718.94 3.52248E-02
3733.52 3.73090E-02
3748.16 3.44909E-02
3762.84 3.30500E-02
3777.59 3.68063E-02
3792.40 4.13918E-02
3807.27 4.26407E-02
3822.19 3.92853E-02
3837.17 3.32655E-02
3852.21 3.06990E-02
3867.31 2.89930E-02
3882.47 3.08088E-02
3897.69 3.31006E-02
3912.96 3.29192E-02
3928.30 3.29901E-02
3943.70 3.14410E-02
3959.16 2.62861E-02
3974.68 2.67850E-02
3990.26 3.01460E-02
4005.90 3.39422E-02
4021.60 3.41304E-02
4037.36 3.09961E-02
4053.19 2.70182E-02
4069.08 2.61853E-02
4085.02 2.74000E-02
4101.04 2.98077E-02
4117.11 3.00788E-02
4133.25 2.70644E-02
4149.45 2.70107E-02
4165.72 2.90116E-02
4182.05 2.68612E-02
4198.43 2.88744E-02
4214.89 3.09177E-02
4231.41 2.78037E-02
4248.00 2.64200E-02
4264.65 2.59809E-02
4281.37 2.47776E-02
4298.15 2.25059E-02
4314.99 2.19889E-02
4331.91 2.13572E-02
4348.89 2.26863E-02
4365.93 2.40491E-02
4383.05 2.33361E-02
4400.23 2.33665E-02
4417.48 2.37362E-02
4434.79 2.13897E-02
4452.17 2.04637E-02
4469.62 2.08510E-02
4487.15 2.14598E-02
4504.73 2.32490E-02
4522.39 2.60102E-02
4540.12 2.77637E-02
4557.91 2.89482E-02
4575.78 3.01482E-02
4593.71 3.20971E-02
4611.72 3.07267E-02
4629.79 2.84749E-02
4647.95 2.38941E-02
4666.16 2.41945E-02
4684.45 2.60665E-02
4702.81 2.55791E-02
4721.25 2.44016E-02
4739.75 2.32936E-02
4758.33 2.39862E-02
4776.98 2.24556E-02
4795.70 1.98752E-02
4814.50 2.08745E-02
4833.37 2.20361E-02
4852.32 2.37598E-02
4871.34 2.25036E-02
4890.43 2.11442E-02
4909.60 2.14880E-02
4928.84 2.18096E-02
4948.16 2.26155E-02
4967.56 2.16432E-02
4987.03 2.11333E-02
5006.58 1.94297E-02
5026.20 1.76075E-02
5045.91 1.54445E-02
5065.68 1.65146E-02
5085.54 1.76407E-02
5105.47 1.84832E-02
5125.48 2.02050E-02
5145.57 2.12439E-02
5165.75 2.05649E-02
5185.99 2.14561E-02
5206.32 2.23179E-02
5226.73 2.39155E-02
5247.22 2.16193E-02
5267.78 2.19711E-02
5288.43 2.21380E-02
5309.16 2.18623E-02
5329.97 1.99376E-02
5350.86 1.74822E-02
5371.84 1.86003E-02
5392.89 1.89444E-02
5414.03 1.88584E-02
5435.25 1.95408E-02
5456.56 1.93215E-02
5477.94 1.80810E-02
5499.42 1.69970E-02
5520.97 1.66327E-02
5542.61 1.63301E-02
5564.34 1.73326E-02
5586.15 1.88011E-02
5608.04 1.93036E-02
5630.02 1.90929E-02
5652.09 1.87846E-02
5674.24 1.92645E-02
5696.49 1.80646E-02
5718.82 1.68021E-02
5741.23 1.53877E-02
5763.73 1.51852E-02
5786.33 1.46309E-02
5809.01 1.41310E-02
5831.78 1.44537E-02
5854.64 1.45492E-02
5877.58 1.50549E-02
5900.62 1.46246E-02
5923.76 1.44969E-02
5946.97 1.32687E-02
5970.28 1.24412E-02
5993.68 1.19308E-02
6017.17 1.17715E-02
6040.76 1.10954E-02
6064.44 1.05621E-02
6088.21 9.99420E-03
6112.08 9.95609E-03
6136.03 9.76472E-03
6160.08 8.92104E-03
6184.23 8.76533E-03
6208.46 8.33282E-03
6232.81 9.24352E-03
6257.24 9.94843E-03
6281.76 1.02098E-02
6306.39 1.01274E-02
6331.11 1.04076E-02
6355.91 1.02696E-02
6380.83 9.92529E-03
6405.84 9.61373E-03
6430.95 9.19859E-03
6456.16 8.85244E-03
6481.47 1.03225E-02
6506.87 1.23247E-02
6532.38 1.30145E-02
6557.97 1.37205E-02
6583.68 1.34157E-02
6609.49 1.24036E-02
6635.39 1.05586E-02
6661.40 9.98806E-03
6687.51 9.18211E-03
6713.74 8.87201E-03
6740.04 8.80493E-03
6766.47 8.13540E-03
6792.99 8.26228E-03
6819.62 7.40315E-03
6846.34 7.08944E-03
6873.18 6.76878E-03
6900.12 6.53865E-03
6927.17 6.03181E-03
6954.32 5.54715E-03
6981.58 5.92040E-03
7008.93 5.77896E-03
7036.42 5.62081E-03
7064.00 5.31059E-03
7091.68 4.93662E-03
7119.49 5.53903E-03
7147.39 6.86136E-03
7175.40 7.28986E-03
7203.54 7.84103E-03
7231.76 8.00724E-03
7260.11 7.03184E-03
7288.56 6.09730E-03
7317.13 5.62619E-03
7345.82 5.03046E-03
7374.61 4.69861E-03
7403.53 4.82271E-03
7432.55 4.46827E-03
7461.66 4.45689E-03
7490.92 4.27078E-03
7520.29 4.63571E-03
7549.76 4.36121E-03
7579.34 4.45897E-03
7609.06 4.45382E-03
7638.88 4.47235E-03
7668.82 4.59021E-03
7698.89 4.40397E-03
7729.06 4.04562E-03
7759.35 3.94095E-03
7789.77 3.72552E-03
7820.31 3.63675E-03
7850.95 3.67563E-03
7881.73 3.77913E-03
7912.62 3.78756E-03
7943.65 4.14000E-03
7974.77 4.30689E-03
8006.04 4.30017E-03
8037.42 4.08177E-03
8068.91 4.41649E-03
8100.55 4.30785E-03
8132.30 4.25875E-03
8164.17 4.36316E-03
8196.18 4.43494E-03
8228.30 4.23364E-03
8260.57 4.34050E-03
8292.95 4.54460E-03
8325.44 4.40898E-03
8358.08 4.34925E-03
8390.83 4.55557E-03
8423.72 4.92810E-03
8456.75 4.95205E-03
8489.89 5.04519E-03
8523.18 4.72577E-03
8556.58 4.51693E-03
8590.12 4.24808E-03
8623.80 3.90878E-03
8657.59 3.68101E-03
8691.53 3.57216E-03
8725.60 3.44556E-03
8759.79 3.15666E-03
8794.12 2.94190E-03
8828.59 2.76950E-03
8863.20 2.70554E-03
8897.95 2.77693E-03
8932.82 2.77508E-03
8967.85 2.73442E-03
9002.99 2.59812E-03
9038.28 2.51788E-03
9073.70 2.48656E-03
9109.27 2.58412E-03
9144.98 2.79563E-03
9180.82 2.89129E-03
9216.81 2.90046E-03
9252.94 2.93673E-03
9289.21 2.89247E-03
9325.62 2.62949E-03
9362.17 2.44835E-03
9398.86 2.27748E-03
9435.71 2.10645E-03
9472.68 1.92933E-03
 
 