3506.99 2.48953E-03
3520.74 2.11259E-03
3534.54 2.27280E-03
3548.39 2.64956E-03
3562.30 2.80764E-03
3576.26 3.44154E-03
3590.28 3.47851E-03
3604.35 4.17769E-03
3618.48 4.98121E-03
3632.67 4.81900E-03
3646.91 4.73645E-03
3661.20 4.07934E-03
3675.55 3.60474E-03
3689.96 4.35164E-03
3704.42 5.52655E-03
3718.94 7.20721E-03
3733.52 8.02516E-03
3748.16 8.96315E-03
3762.84 8.66826E-03
3777.59 7.98430E-03
3792.40 8.38341E-03
3807.27 8.71247E-03
3822.19 7.09302E-03
3837.17 4.77603E-03
3852.21 3.33281E-03
3867.31 2.65764E-03
3882.47 3.23428E-03
3897.69 4.51075E-03
3912.96 6.68900E-03
3928.30 8.19154E-03
3943.70 9.46721E-03
3959.16 9.29073E-03
3974.68 8.73609E-03
3990.26 8.97612E-03
4005.90 1.06138E-02
4021.60 1.20893E-02
4037.36 1.14704E-02
4053.19 1.00640E-02
4069.08 7.66509E-03
4085.02 6.56592E-03
4101.04 6.52308E-03
4117.11 6.79139E-03
4133.25 6.53237E-03
4149.45 7.26702E-03
4165.72 7.92156E-03
4182.05 7.78199E-03
4198.43 7.80354E-03
4214.89 8.13858E-03
4231.41 9.60446E-03
4248.00 9.73702E-03
4264.65 8.88963E-03
4281.37 8.00397E-03
4298.15 8.07096E-03
4314.99 8.81512E-03
4331.91 9.51814E-03
4348.89 9.51268E-03
4365.93 1.03369E-02
4383.05 1.04474E-02
4400.23 8.44038E-03
4417.48 7.18254E-03
4434.79 6.24604E-03
4452.17 5.55325E-03
4469.62 5.94468E-03
4487.15 6.46750E-03
4504.73 8.10936E-03
4522.39 8.55306E-03
4540.12 9.05434E-03
4557.91 8.59409E-03
4575.78 9.53812E-03
4593.71 1.32642E-02
4611.72 1.95080E-02
4629.79 2.22238E-02
4647.95 2.07768E-02
4666.16 2.18252E-02
4684.45 2.29471E-02
4702.81 2.18976E-02
4721.25 1.65111E-02
4739.75 1.19054E-02
4758.33 1.02088E-02
4776.98 9.88322E-03
4795.70 9.04746E-03
4814.50 8.50709E-03
4833.37 8.66690E-03
4852.32 1.08729E-02
4871.34 1.35652E-02
4890.43 1.21834E-02
4909.60 1.04646E-02
4928.84 1.13670E-02
4948.16 1.51255E-02
4967.56 2.02268E-02
4987.03 2.30973E-02
5006.58 2.30840E-02
5026.20 1.74931E-02
5045.91 1.18109E-02
5065.68 8.97691E-03
5085.54 8.12966E-03
5105.47 9.52422E-03
5125.48 9.84054E-03
5145.57 9.64572E-03
5165.75 9.77021E-03
5185.99 8.81106E-03
5206.32 8.15862E-03
5226.73 8.48728E-03
5247.22 1.03910E-02
5267.78 1.40842E-02
5288.43 1.70568E-02
5309.16 1.73248E-02
5329.97 1.84364E-02
5350.86 2.01023E-02
5371.84 1.95968E-02
5392.89 1.69507E-02
5414.03 1.48547E-02
5435.25 1.54400E-02
5456.56 1.72940E-02
5477.94 1.84953E-02
5499.42 1.80842E-02
5520.97 1.70870E-02
5542.61 1.62466E-02
5564.34 1.50039E-02
5586.15 1.47988E-02
5608.04 1.42985E-02
5630.02 1.55833E-02
5652.09 1.60865E-02
5674.24 1.44828E-02
5696.49 1.36532E-02
5718.82 1.34006E-02
5741.23 1.24499E-02
5763.73 1.14985E-02
5786.33 1.09275E-02
5809.01 1.10347E-02
5831.78 1.17496E-02
5854.64 1.06697E-02
5877.58 1.05475E-02
5900.62 1.06468E-02
5923.76 1.03632E-02
5946.97 1.03518E-02
5970.28 9.89213E-03
5993.68 9.20945E-03
6017.17 8.30544E-03
6040.76 9.15708E-03
6064.44 1.01536E-02
6088.21 1.01729E-02
6112.08 9.56905E-03
6136.03 1.04246E-02
6160.08 1.14243E-02
6184.23 1.21977E-02
6208.46 1.16977E-02
6232.81 1.01487E-02
6257.24 9.95379E-03
6281.76 1.00350E-02
6306.39 1.00821E-02
6331.11 1.04654E-02
6355.91 1.16586E-02
6380.83 1.20827E-02
6405.84 1.29332E-02
6430.95 1.39558E-02
6456.16 1.36412E-02
6481.47 1.34652E-02
6506.87 1.37971E-02
6532.38 1.44496E-02
6557.97 1.51144E-02
6583.68 1.44134E-02
6609.49 1.29613E-02
6635.39 1.07079E-02
6661.40 8.25150E-03
6687.51 6.78412E-03
6713.74 5.91707E-03
6740.04 5.12776E-03
6766.47 5.43857E-03
6792.99 5.21056E-03
6819.62 5.04794E-03
6846.34 5.24416E-03
6873.18 4.88452E-03
6900.12 4.88505E-03
6927.17 4.62284E-03
6954.32 4.43763E-03
6981.58 4.22943E-03
7008.93 3.75695E-03
7036.42 3.43756E-03
7064.00 3.49368E-03
7091.68 3.72322E-03
7119.49 3.96915E-03
7147.39 4.07054E-03
7175.40 4.88098E-03
7203.54 6.49282E-03
7231.76 7.37668E-03
7260.11 7.05783E-03
7288.56 6.09177E-03
7317.13 5.30476E-03
7345.82 5.44431E-03
7374.61 5.30006E-03
7403.53 5.26106E-03
7432.55 5.67369E-03
7461.66 5.74655E-03
7490.92 5.35652E-03
7520.29 5.24754E-03
7549.76 4.75370E-03
7579.34 4.89700E-03
7609.06 4.86990E-03
7638.88 5.12675E-03
7668.82 5.01547E-03
7698.89 5.43636E-03
7729.06 5.42968E-03
7759.35 5.38140E-03
7789.77 5.24909E-03
7820.31 5.12185E-03
7850.95 4.82725E-03
7881.73 4.76438E-03
7912.62 4.64092E-03
7943.65 4.80041E-03
7974.77 4.96345E-03
8006.04 5.51179E-03
8037.42 5.78385E-03
8068.91 6.42031E-03
8100.55 6.24430E-03
8132.30 6.10511E-03
8164.17 5.90039E-03
8196.18 5.88827E-03
8228.30 5.92532E-03
8260.57 4.28808E-03
8292.95 3.30383E-03
8325.44 3.12882E-03
8358.08 3.89409E-03
8390.83 4.91005E-03
8423.72 4.59564E-03
8456.75 4.83418E-03
8489.89 6.14253E-03
8523.18 7.32531E-03
8556.58 8.42994E-03
8590.12 8.64985E-03
8623.80 8.75172E-03
8657.59 9.10642E-03
8691.53 9.01584E-03
8725.60 8.88051E-03
8759.79 8.31007E-03
8794.12 7.99098E-03
8828.59 7.03141E-03
8863.20 6.22110E-03
8897.95 5.31416E-03
8932.82 4.93369E-03
8967.85 4.80832E-03
9002.99 4.88722E-03
9038.28 5.05839E-03
9073.70 5.29952E-03
9109.27 5.10991E-03
9144.98 5.17670E-03
9180.82 4.93778E-03
9216.81 4.75036E-03
9252.94 4.41291E-03
9289.21 4.32366E-03
9325.62 3.94066E-03
9362.17 3.36077E-03
9398.86 3.04996E-03
9435.71 2.94398E-03
9472.68 2.67339E-03
 
 