3506.99 3.62722E-03
3520.74 3.95556E-03
3534.54 4.29442E-03
3548.39 5.04569E-03
3562.30 5.56951E-03
3576.26 5.87379E-03
3590.28 6.66980E-03
3604.35 7.35199E-03
3618.48 7.78961E-03
3632.67 7.80291E-03
3646.91 7.04904E-03
3661.20 6.68002E-03
3675.55 6.72374E-03
3689.96 8.41473E-03
3704.42 1.04354E-02
3718.94 1.17782E-02
3733.52 1.34863E-02
3748.16 1.44097E-02
3762.84 1.35943E-02
3777.59 1.39129E-02
3792.40 1.34961E-02
3807.27 1.10213E-02
3822.19 8.68620E-03
3837.17 6.79270E-03
3852.21 5.19569E-03
3867.31 5.25569E-03
3882.47 6.49945E-03
3897.69 9.14753E-03
3912.96 1.21907E-02
3928.30 1.42342E-02
3943.70 1.45600E-02
3959.16 1.47961E-02
3974.68 1.50388E-02
3990.26 1.73434E-02
4005.90 1.83306E-02
4021.60 1.84502E-02
4037.36 1.74380E-02
4053.19 1.41631E-02
4069.08 1.20243E-02
4085.02 1.18092E-02
4101.04 1.18303E-02
4117.11 1.08139E-02
4133.25 1.20275E-02
4149.45 1.24631E-02
4165.72 1.29298E-02
4182.05 1.33141E-02
4198.43 1.22500E-02
4214.89 1.38998E-02
4231.41 1.38602E-02
4248.00 1.42443E-02
4264.65 1.36031E-02
4281.37 1.32933E-02
4298.15 1.40470E-02
4314.99 1.42537E-02
4331.91 1.49939E-02
4348.89 1.54639E-02
4365.93 1.59709E-02
4383.05 1.44046E-02
4400.23 1.24164E-02
4417.48 1.04149E-02
4434.79 9.80616E-03
4452.17 9.54006E-03
4469.62 1.07017E-02
4487.15 1.25674E-02
4504.73 1.39996E-02
4522.39 1.38564E-02
4540.12 1.47054E-02
4557.91 1.51566E-02
4575.78 2.02707E-02
4593.71 2.83832E-02
4611.72 3.47628E-02
4629.79 3.56659E-02
4647.95 3.80845E-02
4666.16 3.95289E-02
4684.45 4.01380E-02
4702.81 3.35472E-02
4721.25 2.57083E-02
4739.75 1.98841E-02
4758.33 1.73050E-02
4776.98 1.51410E-02
4795.70 1.47395E-02
4814.50 1.44362E-02
4833.37 1.68930E-02
4852.32 2.13022E-02
4871.34 1.98058E-02
4890.43 1.89692E-02
4909.60 1.89594E-02
4928.84 2.26089E-02
4948.16 3.07612E-02
4967.56 3.63949E-02
4987.03 3.81651E-02
5006.58 3.27494E-02
5026.20 2.36551E-02
5045.91 1.85401E-02
5065.68 1.59051E-02
5085.54 1.56781E-02
5105.47 1.60438E-02
5125.48 1.64565E-02
5145.57 1.61509E-02
5165.75 1.51602E-02
5185.99 1.46231E-02
5206.32 1.44197E-02
5226.73 1.60541E-02
5247.22 1.99862E-02
5267.78 2.48689E-02
5288.43 2.77573E-02
5309.16 3.06799E-02
5329.97 3.38248E-02
5350.86 3.52480E-02
5371.84 3.23516E-02
5392.89 2.74662E-02
5414.03 2.59553E-02
5435.25 3.07275E-02
5456.56 3.25177E-02
5477.94 3.43010E-02
5499.42 3.47137E-02
5520.97 3.36977E-02
5542.61 3.16087E-02
5564.34 3.02473E-02
5586.15 2.89503E-02
5608.04 2.90367E-02
5630.02 3.15105E-02
5652.09 3.14926E-02
5674.24 3.02019E-02
5696.49 2.90626E-02
5718.82 2.78575E-02
5741.23 2.50175E-02
5763.73 2.42808E-02
5786.33 2.39990E-02
5809.01 2.31510E-02
5831.78 2.25142E-02
5854.64 2.11752E-02
5877.58 2.14609E-02
5900.62 2.14046E-02
5923.76 2.13682E-02
5946.97 2.04721E-02
5970.28 1.95289E-02
5993.68 1.79418E-02
6017.17 1.75001E-02
6040.76 1.95530E-02
6064.44 2.02444E-02
6088.21 1.91303E-02
6112.08 1.92531E-02
6136.03 2.05067E-02
6160.08 2.22954E-02
6184.23 2.32176E-02
6208.46 2.07480E-02
6232.81 1.96596E-02
6257.24 1.85420E-02
6281.76 1.81341E-02
6306.39 1.85200E-02
6331.11 1.93067E-02
6355.91 2.11601E-02
6380.83 2.28056E-02
6405.84 2.58712E-02
6430.95 2.64857E-02
6456.16 2.70427E-02
6481.47 2.79911E-02
6506.87 2.77671E-02
6532.38 2.86384E-02
6557.97 2.83811E-02
6583.68 2.69897E-02
6609.49 2.39985E-02
6635.39 2.02700E-02
6661.40 1.72183E-02
6687.51 1.43214E-02
6713.74 1.23108E-02
6740.04 1.14175E-02
6766.47 1.11763E-02
6792.99 1.06789E-02
6819.62 1.08900E-02
6846.34 1.06743E-02
6873.18 1.07515E-02
6900.12 1.03191E-02
6927.17 9.78522E-03
6954.32 9.58906E-03
6981.58 9.16597E-03
7008.93 8.33423E-03
7036.42 7.68184E-03
7064.00 7.39003E-03
7091.68 8.02940E-03
7119.49 8.44931E-03
7147.39 9.06932E-03
7175.40 1.10546E-02
7203.54 1.28537E-02
7231.76 1.36681E-02
7260.11 1.37639E-02
7288.56 1.22118E-02
7317.13 1.13917E-02
7345.82 1.13714E-02
7374.61 1.16896E-02
7403.53 1.18971E-02
7432.55 1.26408E-02
7461.66 1.20245E-02
7490.92 1.17087E-02
7520.29 1.02801E-02
7549.76 9.77065E-03
7579.34 9.91449E-03
7609.06 1.04456E-02
7638.88 1.07607E-02
7668.82 1.09610E-02
7698.89 1.10463E-02
7729.06 1.14366E-02
7759.35 1.13243E-02
7789.77 1.10954E-02
7820.31 1.10654E-02
7850.95 1.06036E-02
7881.73 1.00699E-02
7912.62 1.05366E-02
7943.65 1.00091E-02
7974.77 1.04254E-02
8006.04 1.09698E-02
8037.42 1.10808E-02
8068.91 1.16798E-02
8100.55 1.19083E-02
8132.30 1.18579E-02
8164.17 1.19348E-02
8196.18 1.13389E-02
8228.30 8.92585E-03
8260.57 7.03445E-03
8292.95 5.54276E-03
8325.44 6.38832E-03
8358.08 7.79442E-03
8390.83 7.92607E-03
8423.72 8.45586E-03
8456.75 9.65414E-03
8489.89 1.19851E-02
8523.18 1.47500E-02
8556.58 1.59577E-02
8590.12 1.62641E-02
8623.80 1.65850E-02
8657.59 1.71522E-02
8691.53 1.72653E-02
8725.60 1.66439E-02
8759.79 1.61709E-02
8794.12 1.46923E-02
8828.59 1.35579E-02
8863.20 1.20126E-02
8897.95 1.09845E-02
8932.82 9.97520E-03
8967.85 1.03832E-02
9002.99 1.03528E-02
9038.28 1.05438E-02
9073.70 1.08792E-02
9109.27 1.08762E-02
9144.98 1.05633E-02
9180.82 1.00798E-02
9216.81 9.40919E-03
9252.94 9.65278E-03
9289.21 9.18277E-03
9325.62 8.28946E-03
9362.17 7.34078E-03
9398.86 6.63756E-03
9435.71 6.43489E-03
9472.68 5.95334E-03