3506.99 1.34393E-02
3520.74 1.43086E-02
3534.54 1.43043E-02
3548.39 1.79555E-02
3562.30 2.09130E-02
3576.26 2.65660E-02
3590.28 3.00920E-02
3604.35 3.27199E-02
3618.48 3.50643E-02
3632.67 3.49527E-02
3646.91 3.03730E-02
3661.20 2.75856E-02
3675.55 3.02955E-02
3689.96 3.75006E-02
3704.42 4.46709E-02
3718.94 5.19690E-02
3733.52 4.80076E-02
3748.16 4.45647E-02
3762.84 4.83497E-02
3777.59 5.62049E-02
3792.40 6.08080E-02
3807.27 5.52830E-02
3822.19 4.76658E-02
3837.17 4.20419E-02
3852.21 3.61918E-02
3867.31 3.57073E-02
3882.47 3.85662E-02
3897.69 4.10892E-02
3912.96 4.33539E-02
3928.30 4.30723E-02
3943.70 3.67259E-02
3959.16 3.51393E-02
3974.68 3.90486E-02
3990.26 4.61584E-02
4005.90 4.88280E-02
4021.60 4.56538E-02
4037.36 3.68773E-02
4053.19 3.30404E-02
4069.08 3.20441E-02
4085.02 3.38940E-02
4101.04 3.37549E-02
4117.11 3.37535E-02
4133.25 3.54706E-02
4149.45 3.55370E-02
4165.72 3.94998E-02
4182.05 4.26676E-02
4198.43 4.97906E-02
4214.89 4.81098E-02
4231.41 4.42376E-02
4248.00 4.13745E-02
4264.65 4.05653E-02
4281.37 4.04835E-02
4298.15 3.89603E-02
4314.99 3.93877E-02
4331.91 4.07730E-02
4348.89 4.00590E-02
4365.93 3.57493E-02
4383.05 3.17127E-02
4400.23 2.94401E-02
4417.48 2.73502E-02
4434.79 2.45404E-02
4452.17 2.59107E-02
4469.62 2.84152E-02
4487.15 3.11448E-02
4504.73 3.38142E-02
4522.39 3.64419E-02
4540.12 4.24073E-02
4557.91 5.34735E-02
4575.78 5.97119E-02
4593.71 6.44339E-02
4611.72 6.72773E-02
4629.79 6.69983E-02
4647.95 6.11240E-02
4666.16 5.39785E-02
4684.45 4.92234E-02
4702.81 4.39954E-02
4721.25 3.89608E-02
4739.75 3.82863E-02
4758.33 3.63782E-02
4776.98 3.10082E-02
4795.70 3.11374E-02
4814.50 3.62345E-02
4833.37 4.33855E-02
4852.32 4.12302E-02
4871.34 3.74645E-02
4890.43 3.75770E-02
4909.60 4.11192E-02
4928.84 4.53962E-02
4948.16 4.88087E-02
4967.56 5.02906E-02
4987.03 4.72070E-02
5006.58 4.03283E-02
5026.20 3.40422E-02
5045.91 3.08779E-02
5065.68 3.02087E-02
5085.54 2.97070E-02
5105.47 3.12203E-02
5125.48 3.18099E-02
5145.57 3.21493E-02
5165.75 3.21414E-02
5185.99 3.58023E-02
5206.32 3.99591E-02
5226.73 4.48952E-02
5247.22 4.63694E-02
5267.78 4.72677E-02
5288.43 5.04641E-02
5309.16 5.03363E-02
5329.97 4.64133E-02
5350.86 4.21903E-02
5371.84 3.97425E-02
5392.89 4.15461E-02
5414.03 4.29362E-02
5435.25 4.29896E-02
5456.56 4.19647E-02
5477.94 4.14013E-02
5499.42 3.81902E-02
5520.97 3.65342E-02
5542.61 3.56133E-02
5564.34 3.48621E-02
5586.15 3.72605E-02
5608.04 3.91038E-02
5630.02 3.85328E-02
5652.09 3.82123E-02
5674.24 3.71826E-02
5696.49 3.55527E-02
5718.82 3.48378E-02
5741.23 3.19853E-02
5763.73 3.01291E-02
5786.33 2.99316E-02
5809.01 2.85872E-02
5831.78 2.87415E-02
5854.64 2.88210E-02
5877.58 2.90282E-02
5900.62 2.90375E-02
5923.76 2.85776E-02
5946.97 2.62824E-02
5970.28 2.54749E-02
5993.68 2.60755E-02
6017.17 2.61386E-02
6040.76 2.46352E-02
6064.44 2.18127E-02
6088.21 2.28519E-02
6112.08 2.30332E-02
6136.03 2.30234E-02
6160.08 2.07452E-02
6184.23 1.91974E-02
6208.46 1.90096E-02
6232.81 1.97801E-02
6257.24 2.26328E-02
6281.76 2.45122E-02
6306.39 2.57067E-02
6331.11 2.68845E-02
6355.91 2.72452E-02
6380.83 2.68687E-02
6405.84 2.56352E-02
6430.95 2.43320E-02
6456.16 2.43310E-02
6481.47 2.52432E-02
6506.87 2.76217E-02
6532.38 2.91261E-02
6557.97 2.96723E-02
6583.68 2.81259E-02
6609.49 2.62060E-02
6635.39 2.31997E-02
6661.40 2.08941E-02
6687.51 1.81958E-02
6713.74 1.72214E-02
6740.04 1.71145E-02
6766.47 1.60592E-02
6792.99 1.49302E-02
6819.62 1.44963E-02
6846.34 1.36345E-02
6873.18 1.32514E-02
6900.12 1.22339E-02
6927.17 1.20436E-02
6954.32 1.10772E-02
6981.58 1.07820E-02
7008.93 1.00647E-02
7036.42 1.06237E-02
7064.00 1.04995E-02
7091.68 9.60442E-03
7119.49 1.07601E-02
7147.39 1.28186E-02
7175.40 1.46624E-02
7203.54 1.51028E-02
7231.76 1.42621E-02
7260.11 1.38275E-02
7288.56 1.31676E-02
7317.13 1.22379E-02
7345.82 1.12124E-02
7374.61 1.12795E-02
7403.53 1.06624E-02
7432.55 1.10111E-02
7461.66 1.02155E-02
7490.92 9.79888E-03
7520.29 9.05876E-03
7549.76 9.53102E-03
7579.34 9.33256E-03
7609.06 9.36542E-03
7638.88 9.60276E-03
7668.82 8.97495E-03
7698.89 9.31400E-03
7729.06 9.18351E-03
7759.35 9.14786E-03
7789.77 8.70418E-03
7820.31 8.79535E-03
7850.95 8.86278E-03
7881.73 8.87574E-03
7912.62 8.73154E-03
7943.65 9.70074E-03
7974.77 9.91356E-03
8006.04 1.01885E-02
8037.42 1.01070E-02
8068.91 9.85671E-03
8100.55 1.01024E-02
8132.30 1.02914E-02
8164.17 1.07313E-02
8196.18 1.08759E-02
8228.30 1.10839E-02
8260.57 1.09771E-02
8292.95 1.04038E-02
8325.44 1.05754E-02
8358.08 1.11373E-02
8390.83 1.11696E-02
8423.72 1.18459E-02
8456.75 1.13561E-02
8489.89 1.19822E-02
8523.18 1.20485E-02
8556.58 1.17561E-02
8590.12 1.12168E-02
8623.80 1.11424E-02
8657.59 1.04420E-02
8691.53 1.03876E-02
8725.60 1.00987E-02
8759.79 9.42198E-03
8794.12 8.81938E-03
8828.59 8.21794E-03
8863.20 7.70529E-03
8897.95 7.77540E-03
8932.82 7.63972E-03
8967.85 7.24540E-03
9002.99 7.01510E-03
9038.28 7.10338E-03
9073.70 7.13468E-03
9109.27 6.91834E-03
9144.98 6.98157E-03
9180.82 7.05459E-03
9216.81 7.31670E-03
9252.94 7.61162E-03
9289.21 7.25472E-03
9325.62 6.41423E-03
9362.17 5.76083E-03
9398.86 5.27354E-03
9435.71 4.90105E-03
9472.68 4.45330E-03