3506.99 2.72592E-02
3520.74 2.75945E-02
3534.54 3.07081E-02
3548.39 3.78501E-02
3562.30 4.18562E-02
3576.26 4.69754E-02
3590.28 5.02837E-02
3604.35 5.24771E-02
3618.48 5.77122E-02
3632.67 5.64132E-02
3646.91 4.83678E-02
3661.20 4.62424E-02
3675.55 4.33258E-02
3689.96 4.89689E-02
3704.42 5.45900E-02
3718.94 5.81937E-02
3733.52 5.64928E-02
3748.16 5.45668E-02
3762.84 5.91802E-02
3777.59 6.47130E-02
3792.40 6.62299E-02
3807.27 6.15356E-02
3822.19 5.65343E-02
3837.17 5.18533E-02
3852.21 4.96738E-02
3867.31 5.16154E-02
3882.47 5.31290E-02
3897.69 5.37528E-02
3912.96 5.49892E-02
3928.30 5.15385E-02
3943.70 4.63941E-02
3959.16 4.56718E-02
3974.68 5.01656E-02
3990.26 5.44976E-02
4005.90 5.33419E-02
4021.60 5.00846E-02
4037.36 4.64243E-02
4053.19 4.39670E-02
4069.08 4.68601E-02
4085.02 4.64485E-02
4101.04 4.97191E-02
4117.11 4.66566E-02
4133.25 4.67716E-02
4149.45 4.57541E-02
4165.72 4.23493E-02
4182.05 4.45437E-02
4198.43 4.63748E-02
4214.89 4.36303E-02
4231.41 4.25667E-02
4248.00 3.99994E-02
4264.65 3.84342E-02
4281.37 3.52922E-02
4298.15 3.42561E-02
4314.99 3.38945E-02
4331.91 3.40437E-02
4348.89 3.63840E-02
4365.93 3.87960E-02
4383.05 3.93274E-02
4400.23 3.99373E-02
4417.48 3.76871E-02
4434.79 3.48828E-02
4452.17 3.51558E-02
4469.62 3.52834E-02
4487.15 3.78901E-02
4504.73 4.06797E-02
4522.39 4.36163E-02
4540.12 4.42549E-02
4557.91 4.68119E-02
4575.78 4.68260E-02
4593.71 4.59621E-02
4611.72 4.29433E-02
4629.79 3.98696E-02
4647.95 3.90824E-02
4666.16 4.01566E-02
4684.45 4.05324E-02
4702.81 3.94540E-02
4721.25 3.88365E-02
4739.75 3.98506E-02
4758.33 3.72354E-02
4776.98 3.41139E-02
4795.70 3.46335E-02
4814.50 3.36326E-02
4833.37 3.59117E-02
4852.32 3.60432E-02
4871.34 3.39790E-02
4890.43 3.31657E-02
4909.60 3.27415E-02
4928.84 3.26257E-02
4948.16 3.11079E-02
4967.56 2.98043E-02
4987.03 2.80114E-02
5006.58 2.64383E-02
5026.20 2.39041E-02
5045.91 2.54460E-02
5065.68 2.49496E-02
5085.54 2.77477E-02
5105.47 2.99910E-02
5125.48 3.10759E-02
5145.57 3.24413E-02
5165.75 3.36199E-02
5185.99 3.18664E-02
5206.32 3.45229E-02
5226.73 3.30932E-02
5247.22 3.41241E-02
5267.78 3.51254E-02
5288.43 3.26394E-02
5309.16 2.92142E-02
5329.97 2.79241E-02
5350.86 2.82652E-02
5371.84 2.87855E-02
5392.89 2.89822E-02
5414.03 2.90260E-02
5435.25 2.81790E-02
5456.56 2.87819E-02
5477.94 2.70154E-02
5499.42 2.63384E-02
5520.97 2.54795E-02
5542.61 2.73497E-02
5564.34 2.85765E-02
5586.15 2.95303E-02
5608.04 2.99577E-02
5630.02 2.92127E-02
5652.09 2.98313E-02
5674.24 2.88944E-02
5696.49 2.82916E-02
5718.82 2.68198E-02
5741.23 2.52486E-02
5763.73 2.41098E-02
5786.33 2.26314E-02
5809.01 2.30909E-02
5831.78 2.26301E-02
5854.64 2.34385E-02
5877.58 2.33574E-02
5900.62 2.27492E-02
5923.76 2.17734E-02
5946.97 2.21489E-02
5970.28 2.26899E-02
5993.68 2.04132E-02
6017.17 1.97649E-02
6040.76 1.94608E-02
6064.44 1.77964E-02
6088.21 1.73208E-02
6112.08 1.71814E-02
6136.03 1.58063E-02
6160.08 1.47844E-02
6184.23 1.37933E-02
6208.46 1.46464E-02
6232.81 1.53709E-02
6257.24 1.66342E-02
6281.76 1.72280E-02
6306.39 1.76960E-02
6331.11 1.64762E-02
6355.91 1.67963E-02
6380.83 1.55726E-02
6405.84 1.48755E-02
6430.95 1.46731E-02
6456.16 1.52122E-02
6481.47 1.67429E-02
6506.87 1.86365E-02
6532.38 2.03061E-02
6557.97 1.99272E-02
6583.68 1.96042E-02
6609.49 1.83521E-02
6635.39 1.70986E-02
6661.40 1.66591E-02
6687.51 1.58922E-02
6713.74 1.46178E-02
6740.04 1.32613E-02
6766.47 1.35869E-02
6792.99 1.28337E-02
6819.62 1.28454E-02
6846.34 1.19835E-02
6873.18 1.09821E-02
6900.12 1.11476E-02
6927.17 9.95297E-03
6954.32 9.52838E-03
6981.58 1.03774E-02
7008.93 1.02899E-02
7036.42 8.85743E-03
7064.00 8.48785E-03
7091.68 9.32825E-03
7119.49 1.08985E-02
7147.39 1.11306E-02
7175.40 1.19212E-02
7203.54 1.23104E-02
7231.76 1.17852E-02
7260.11 1.10362E-02
7288.56 9.54877E-03
7317.13 8.92494E-03
7345.82 7.94118E-03
7374.61 8.53093E-03
7403.53 7.91467E-03
7432.55 7.83058E-03
7461.66 7.92234E-03
7490.92 7.63796E-03
7520.29 7.68608E-03
7549.76 7.67490E-03
7579.34 7.64271E-03
7609.06 8.04945E-03
7638.88 7.33630E-03
7668.82 7.32721E-03
7698.89 7.13402E-03
7729.06 7.07327E-03
7759.35 6.68788E-03
7789.77 6.86671E-03
7820.31 6.35043E-03
7850.95 6.50724E-03
7881.73 6.22787E-03
7912.62 6.27204E-03
7943.65 6.72759E-03
7974.77 6.91681E-03
8006.04 6.88731E-03
8037.42 6.69562E-03
8068.91 6.73471E-03
8100.55 6.83412E-03
8132.30 6.73013E-03
8164.17 7.18999E-03
8196.18 7.18120E-03
8228.30 7.53606E-03
8260.57 7.47177E-03
8292.95 7.39070E-03
8325.44 7.04705E-03
8358.08 7.46406E-03
8390.83 7.86331E-03
8423.72 8.16397E-03
8456.75 7.76601E-03
8489.89 7.61478E-03
8523.18 7.82098E-03
8556.58 7.12951E-03
8590.12 6.76322E-03
8623.80 6.04375E-03
8657.59 5.94542E-03
8691.53 5.57653E-03
8725.60 5.18533E-03
8759.79 4.96369E-03
8794.12 4.84453E-03
8828.59 5.06632E-03
8863.20 4.81270E-03
8897.95 4.81017E-03
8932.82 4.33080E-03
8967.85 4.17263E-03
9002.99 4.02542E-03
9038.28 4.39088E-03
9073.70 4.61158E-03
9109.27 4.54663E-03
9144.98 4.65322E-03
9180.82 4.85241E-03
9216.81 5.00163E-03
9252.94 4.89619E-03
9289.21 4.58603E-03
9325.62 4.64395E-03
9362.17 4.22664E-03
9398.86 3.73936E-03
9435.71 3.50618E-03
9472.68 3.47927E-03