3506.99 2.36394E-02
3520.74 2.48263E-02
3534.54 2.89158E-02
3548.39 3.42241E-02
3562.30 3.99336E-02
3576.26 4.55319E-02
3590.28 4.97774E-02
3604.35 5.22383E-02
3618.48 5.58217E-02
3632.67 5.66772E-02
3646.91 5.03974E-02
3661.20 4.38364E-02
3675.55 4.66979E-02
3689.96 5.04505E-02
3704.42 5.74939E-02
3718.94 6.02575E-02
3733.52 5.81555E-02
3748.16 5.79258E-02
3762.84 6.24894E-02
3777.59 6.97218E-02
3792.40 7.24799E-02
3807.27 6.64685E-02
3822.19 6.27520E-02
3837.17 5.59132E-02
3852.21 5.10078E-02
3867.31 5.22330E-02
3882.47 5.57881E-02
3897.69 5.76786E-02
3912.96 5.76675E-02
3928.30 5.45380E-02
3943.70 4.82031E-02
3959.16 4.64686E-02
3974.68 5.15577E-02
3990.26 5.78585E-02
4005.90 5.86274E-02
4021.60 5.44730E-02
4037.36 4.91967E-02
4053.19 4.47508E-02
4069.08 4.78053E-02
4085.02 5.06422E-02
4101.04 5.04851E-02
4117.11 4.80682E-02
4133.25 4.92211E-02
4149.45 4.93950E-02
4165.72 4.85623E-02
4182.05 5.04303E-02
4198.43 5.10824E-02
4214.89 5.07740E-02
4231.41 4.75580E-02
4248.00 4.40313E-02
4264.65 4.24554E-02
4281.37 4.24041E-02
4298.15 3.86699E-02
4314.99 3.76076E-02
4331.91 3.85823E-02
4348.89 4.02562E-02
4365.93 4.00480E-02
4383.05 4.18035E-02
4400.23 4.09910E-02
4417.48 3.85166E-02
4434.79 3.59960E-02
4452.17 3.73434E-02
4469.62 3.70894E-02
4487.15 4.11488E-02
4504.73 4.44285E-02
4522.39 4.57089E-02
4540.12 5.01028E-02
4557.91 5.28108E-02
4575.78 5.36415E-02
4593.71 5.64225E-02
4611.72 5.20032E-02
4629.79 4.71003E-02
4647.95 4.52597E-02
4666.16 4.52747E-02
4684.45 4.63844E-02
4702.81 4.28095E-02
4721.25 4.09428E-02
4739.75 4.22668E-02
4758.33 4.04385E-02
4776.98 3.64578E-02
4795.70 3.79628E-02
4814.50 3.91121E-02
4833.37 4.12236E-02
4852.32 3.99710E-02
4871.34 3.80395E-02
4890.43 3.80916E-02
4909.60 3.62843E-02
4928.84 3.73206E-02
4948.16 3.80514E-02
4967.56 3.49783E-02
4987.03 3.45263E-02
5006.58 2.95035E-02
5026.20 2.73182E-02
5045.91 2.83111E-02
5065.68 2.96087E-02
5085.54 3.09759E-02
5105.47 3.20874E-02
5125.48 3.54090E-02
5145.57 3.59035E-02
5165.75 3.68831E-02
5185.99 3.75853E-02
5206.32 3.85704E-02
5226.73 3.91416E-02
5247.22 3.89297E-02
5267.78 4.00959E-02
5288.43 3.93123E-02
5309.16 3.53903E-02
5329.97 3.33275E-02
5350.86 3.25884E-02
5371.84 3.31188E-02
5392.89 3.44041E-02
5414.03 3.41289E-02
5435.25 3.42212E-02
5456.56 3.24419E-02
5477.94 3.04112E-02
5499.42 2.97048E-02
5520.97 2.88315E-02
5542.61 2.96052E-02
5564.34 3.10339E-02
5586.15 3.37343E-02
5608.04 3.41302E-02
5630.02 3.40344E-02
5652.09 3.36546E-02
5674.24 3.30243E-02
5696.49 3.12704E-02
5718.82 2.89374E-02
5741.23 2.80616E-02
5763.73 2.65399E-02
5786.33 2.70443E-02
5809.01 2.58340E-02
5831.78 2.60692E-02
5854.64 2.66996E-02
5877.58 2.69596E-02
5900.62 2.55223E-02
5923.76 2.43484E-02
5946.97 2.34985E-02
5970.28 2.34734E-02
5993.68 2.29787E-02
6017.17 2.11254E-02
6040.76 2.12875E-02
6064.44 1.98846E-02
6088.21 2.03161E-02
6112.08 1.97240E-02
6136.03 1.80155E-02
6160.08 1.69350E-02
6184.23 1.58059E-02
6208.46 1.57663E-02
6232.81 1.73252E-02
6257.24 1.79252E-02
6281.76 1.90468E-02
6306.39 1.90799E-02
6331.11 1.92304E-02
6355.91 1.92327E-02
6380.83 1.87483E-02
6405.84 1.71419E-02
6430.95 1.73970E-02
6456.16 1.75544E-02
6481.47 1.88913E-02
6506.87 2.20298E-02
6532.38 2.23429E-02
6557.97 2.30317E-02
6583.68 2.20697E-02
6609.49 2.20699E-02
6635.39 1.96196E-02
6661.40 1.82226E-02
6687.51 1.66016E-02
6713.74 1.62976E-02
6740.04 1.53820E-02
6766.47 1.48364E-02
6792.99 1.28603E-02
6819.62 1.32065E-02
6846.34 1.28547E-02
6873.18 1.23762E-02
6900.12 1.12213E-02
6927.17 1.05017E-02
6954.32 1.10277E-02
6981.58 1.07984E-02
7008.93 1.03330E-02
7036.42 8.88056E-03
7064.00 9.26298E-03
7091.68 9.68067E-03
7119.49 1.10924E-02
7147.39 1.25078E-02
7175.40 1.32655E-02
7203.54 1.31220E-02
7231.76 1.22764E-02
7260.11 1.21048E-02
7288.56 1.09156E-02
7317.13 1.06565E-02
7345.82 9.32449E-03
7374.61 9.07848E-03
7403.53 9.29112E-03
7432.55 8.06361E-03
7461.66 8.05152E-03
7490.92 8.62698E-03
7520.29 8.17679E-03
7549.76 8.26834E-03
7579.34 7.95082E-03
7609.06 8.22301E-03
7638.88 8.06990E-03
7668.82 8.22836E-03
7698.89 7.29901E-03
7729.06 7.19637E-03
7759.35 6.96682E-03
7789.77 6.91641E-03
7820.31 7.19799E-03
7850.95 7.13958E-03
7881.73 7.43285E-03
7912.62 7.37938E-03
7943.65 7.32996E-03
7974.77 7.24650E-03
8006.04 7.59698E-03
8037.42 7.60405E-03
8068.91 8.21707E-03
8100.55 7.72643E-03
8132.30 7.62328E-03
8164.17 8.22007E-03
8196.18 8.23248E-03
8228.30 7.66491E-03
8260.57 8.34540E-03
8292.95 8.24405E-03
8325.44 8.36814E-03
8358.08 8.03646E-03
8390.83 8.48963E-03
8423.72 8.84168E-03
8456.75 8.70886E-03
8489.89 8.57715E-03
8523.18 7.96963E-03
8556.58 8.27811E-03
8590.12 7.40266E-03
8623.80 6.95393E-03
8657.59 6.62921E-03
8691.53 6.13351E-03
8725.60 6.32735E-03
8759.79 5.80309E-03
8794.12 5.80881E-03
8828.59 5.42510E-03
8863.20 5.44815E-03
8897.95 5.07246E-03
8932.82 5.32212E-03
8967.85 5.08887E-03
9002.99 4.95338E-03
9038.28 4.56593E-03
9073.70 4.66831E-03
9109.27 5.07649E-03
9144.98 5.15207E-03
9180.82 5.73642E-03
9216.81 5.65013E-03
9252.94 5.59791E-03
9289.21 5.13452E-03
9325.62 5.05931E-03
9362.17 4.59419E-03
9398.86 4.12485E-03
9435.71 3.88018E-03
9472.68 3.76312E-03