3506.99 3.16061E-02
3520.74 3.53353E-02
3534.54 4.02402E-02
3548.39 4.70716E-02
3562.30 5.58399E-02
3576.26 6.29386E-02
3590.28 6.79308E-02
3604.35 7.24584E-02
3618.48 7.04690E-02
3632.67 6.37402E-02
3646.91 6.00321E-02
3661.20 6.82210E-02
3675.55 7.68582E-02
3689.96 9.45563E-02
3704.42 9.87550E-02
3718.94 9.41677E-02
3733.52 9.36719E-02
3748.16 1.06579E-01
3762.84 1.20952E-01
3777.59 1.27841E-01
3792.40 1.15514E-01
3807.27 1.09139E-01
3822.19 9.79771E-02
3837.17 8.58950E-02
3852.21 8.28739E-02
3867.31 8.36838E-02
3882.47 8.65500E-02
3897.69 8.87218E-02
3912.96 8.49413E-02
3928.30 7.59445E-02
3943.70 7.87522E-02
3959.16 8.41550E-02
3974.68 9.61877E-02
3990.26 9.42094E-02
4005.90 8.58520E-02
4021.60 7.30785E-02
4037.36 6.82024E-02
4053.19 6.99729E-02
4069.08 7.68374E-02
4085.02 7.41837E-02
4101.04 7.27549E-02
4117.11 7.47671E-02
4133.25 7.64734E-02
4149.45 8.41770E-02
4165.72 9.15921E-02
4182.05 1.01429E-01
4198.43 9.57350E-02
4214.89 8.74380E-02
4231.41 8.60500E-02
4248.00 8.32720E-02
4264.65 7.88093E-02
4281.37 7.68365E-02
4298.15 7.36272E-02
4314.99 7.51174E-02
4331.91 7.42710E-02
4348.89 6.67200E-02
4365.93 6.30697E-02
4383.05 6.14736E-02
4400.23 5.43141E-02
4417.48 5.29871E-02
4434.79 5.40460E-02
4452.17 5.82626E-02
4469.62 6.53128E-02
4487.15 6.90154E-02
4504.73 7.39275E-02
4522.39 8.69736E-02
4540.12 1.02253E-01
4557.91 1.15845E-01
4575.78 1.24058E-01
4593.71 1.25416E-01
4611.72 1.21614E-01
4629.79 1.17865E-01
4647.95 1.05125E-01
4666.16 9.73698E-02
4684.45 8.92148E-02
4702.81 8.10111E-02
4721.25 8.17172E-02
4739.75 7.40507E-02
4758.33 6.62816E-02
4776.98 6.58414E-02
4795.70 7.38954E-02
4814.50 8.15735E-02
4833.37 7.62553E-02
4852.32 6.99632E-02
4871.34 7.30246E-02
4890.43 7.85204E-02
4909.60 8.46012E-02
4928.84 8.97454E-02
4948.16 8.99605E-02
4967.56 8.03667E-02
4987.03 6.85746E-02
5006.58 6.47557E-02
5026.20 6.10534E-02
5045.91 6.07174E-02
5065.68 5.96975E-02
5085.54 6.14755E-02
5105.47 6.25418E-02
5125.48 6.35595E-02
5145.57 6.59469E-02
5165.75 7.41623E-02
5185.99 8.14950E-02
5206.32 8.77800E-02
5226.73 8.99380E-02
5247.22 9.55144E-02
5267.78 9.47408E-02
5288.43 9.19163E-02
5309.16 8.74214E-02
5329.97 8.30286E-02
5350.86 8.34111E-02
5371.84 8.25710E-02
5392.89 8.20319E-02
5414.03 8.28397E-02
5435.25 8.18216E-02
5456.56 7.83291E-02
5477.94 7.67265E-02
5499.42 7.25450E-02
5520.97 7.29806E-02
5542.61 7.08516E-02
5564.34 7.49638E-02
5586.15 7.82465E-02
5608.04 7.91672E-02
5630.02 7.85682E-02
5652.09 7.60380E-02
5674.24 7.40857E-02
5696.49 7.19101E-02
5718.82 6.71369E-02
5741.23 6.52017E-02
5763.73 6.07676E-02
5786.33 5.86205E-02
5809.01 5.92573E-02
5831.78 5.69505E-02
5854.64 5.85959E-02
5877.58 5.83649E-02
5900.62 5.48569E-02
5923.76 5.29379E-02
5946.97 5.09320E-02
5970.28 5.25193E-02
5993.68 5.07786E-02
6017.17 4.86009E-02
6040.76 4.70776E-02
6064.44 4.50418E-02
6088.21 4.54037E-02
6112.08 4.24745E-02
6136.03 3.88659E-02
6160.08 3.54885E-02
6184.23 3.89637E-02
6208.46 3.81840E-02
6232.81 4.31890E-02
6257.24 4.36035E-02
6281.76 4.53063E-02
6306.39 4.57611E-02
6331.11 4.57182E-02
6355.91 4.52611E-02
6380.83 4.59365E-02
6405.84 4.37441E-02
6430.95 4.66888E-02
6456.16 4.73576E-02
6481.47 4.94279E-02
6506.87 5.06142E-02
6532.38 5.14810E-02
6557.97 5.05699E-02
6583.68 4.74193E-02
6609.49 4.35815E-02
6635.39 4.28256E-02
6661.40 3.83913E-02
6687.51 3.63631E-02
6713.74 3.41945E-02
6740.04 3.21473E-02
6766.47 3.07023E-02
6792.99 2.87146E-02
6819.62 2.69912E-02
6846.34 2.52951E-02
6873.18 2.38506E-02
6900.12 2.24859E-02
6927.17 2.14951E-02
6954.32 2.08148E-02
6981.58 2.02106E-02
7008.93 1.94403E-02
7036.42 1.93443E-02
7064.00 1.89560E-02
7091.68 2.07944E-02
7119.49 2.24586E-02
7147.39 2.50492E-02
7175.40 2.66944E-02
7203.54 2.62670E-02
7231.76 2.63463E-02
7260.11 2.45091E-02
7288.56 2.34004E-02
7317.13 2.22654E-02
7345.82 2.10449E-02
7374.61 2.01373E-02
7403.53 1.98633E-02
7432.55 1.81624E-02
7461.66 1.76292E-02
7490.92 1.72534E-02
7520.29 1.68248E-02
7549.76 1.61167E-02
7579.34 1.67610E-02
7609.06 1.64896E-02
7638.88 1.69527E-02
7668.82 1.57501E-02
7698.89 1.59784E-02
7729.06 1.48339E-02
7759.35 1.51487E-02
7789.77 1.49664E-02
7820.31 1.50380E-02
7850.95 1.55029E-02
7881.73 1.53204E-02
7912.62 1.58204E-02
7943.65 1.56149E-02
7974.77 1.67217E-02
8006.04 1.75381E-02
8037.42 1.73732E-02
8068.91 1.67231E-02
8100.55 1.78429E-02
8132.30 1.91105E-02
8164.17 1.82983E-02
8196.18 1.86718E-02
8228.30 1.81879E-02
8260.57 1.85580E-02
8292.95 1.93704E-02
8325.44 1.85625E-02
8358.08 1.94403E-02
8390.83 1.94579E-02
8423.72 2.09844E-02
8456.75 2.10497E-02
8489.89 1.97082E-02
8523.18 1.99105E-02
8556.58 1.98584E-02
8590.12 1.90631E-02
8623.80 1.91843E-02
8657.59 1.82344E-02
8691.53 1.71060E-02
8725.60 1.61266E-02
8759.79 1.59323E-02
8794.12 1.46839E-02
8828.59 1.42096E-02
8863.20 1.40815E-02
8897.95 1.35348E-02
8932.82 1.27058E-02
8967.85 1.27019E-02
9002.99 1.24110E-02
9038.28 1.16229E-02
9073.70 1.21921E-02
9109.27 1.26379E-02
9144.98 1.30034E-02
9180.82 1.28688E-02
9216.81 1.36502E-02
9252.94 1.26777E-02
9289.21 1.22996E-02
9325.62 1.14151E-02
9362.17 1.04177E-02
9398.86 9.89081E-03
9435.71 8.79548E-03
9472.68 8.21913E-03
 
 