3506.99 1.20574E-02 
3520.74 1.25818E-02 
3534.54 1.35240E-02 
3548.39 1.56038E-02 
3562.30 1.73241E-02 
3576.26 2.19446E-02 
3590.28 2.30411E-02 
3604.35 2.49265E-02 
3618.48 2.35961E-02 
3632.67 2.12825E-02 
3646.91 2.19889E-02 
3661.20 2.39584E-02 
3675.55 2.65037E-02 
3689.96 3.16883E-02 
3704.42 3.52463E-02 
3718.94 3.65577E-02 
3733.52 3.81674E-02 
3748.16 3.96933E-02 
3762.84 4.19617E-02 
3777.59 4.16861E-02 
3792.40 3.56062E-02 
3807.27 2.91651E-02 
3822.19 2.40440E-02 
3837.17 2.05238E-02 
3852.21 2.16066E-02 
3867.31 2.50947E-02 
3882.47 2.80877E-02 
3897.69 3.25676E-02 
3912.96 3.43336E-02 
3928.30 3.46016E-02 
3943.70 3.59720E-02 
3959.16 3.96367E-02 
3974.68 4.21958E-02 
3990.26 4.43282E-02 
4005.90 4.30844E-02 
4021.60 3.71447E-02 
4037.36 3.36322E-02 
4053.19 3.11560E-02 
4069.08 2.99537E-02 
4085.02 2.88471E-02 
4101.04 2.77151E-02 
4117.11 2.92668E-02 
4133.25 3.12296E-02 
4149.45 3.13731E-02 
4165.72 3.06801E-02 
4182.05 3.56132E-02 
4198.43 3.74512E-02 
4214.89 3.53034E-02 
4231.41 3.52419E-02 
4248.00 3.39127E-02 
4264.65 3.30302E-02 
4281.37 3.47285E-02 
4298.15 3.80883E-02 
4314.99 3.79019E-02 
4331.91 3.93148E-02 
4348.89 3.72505E-02 
4365.93 3.25706E-02 
4383.05 2.84501E-02 
4400.23 2.66524E-02 
4417.48 2.40979E-02 
4434.79 2.51557E-02 
4452.17 2.75195E-02 
4469.62 2.97686E-02 
4487.15 2.97415E-02 
4504.73 3.18379E-02 
4522.39 3.42411E-02 
4540.12 4.42896E-02 
4557.91 6.05548E-02 
4575.78 7.39720E-02 
4593.71 7.88448E-02 
4611.72 8.79597E-02 
4629.79 9.72501E-02 
4647.95 9.38339E-02 
4666.16 8.32195E-02 
4684.45 6.72644E-02 
4702.81 5.61705E-02 
4721.25 4.66577E-02 
4739.75 4.15060E-02 
4758.33 3.63444E-02 
4776.98 3.45401E-02 
4795.70 3.84475E-02 
4814.50 4.51178E-02 
4833.37 4.64969E-02 
4852.32 4.29923E-02 
4871.34 4.38129E-02 
4890.43 4.86798E-02 
4909.60 5.90531E-02 
4928.84 7.05399E-02 
4948.16 7.97700E-02 
4967.56 7.56565E-02 
4987.03 6.44055E-02 
5006.58 5.30195E-02 
5026.20 4.49526E-02 
5045.91 3.85026E-02 
5065.68 3.55253E-02 
5085.54 3.44233E-02 
5105.47 3.33188E-02 
5125.48 3.22231E-02 
5145.57 3.16649E-02 
5165.75 3.17988E-02 
5185.99 3.64437E-02 
5206.32 4.58122E-02 
5226.73 5.56080E-02 
5247.22 6.51660E-02 
5267.78 7.12536E-02 
5288.43 7.62705E-02 
5309.16 8.19601E-02 
5329.97 7.82582E-02 
5350.86 7.14825E-02 
5371.84 6.92565E-02 
5392.89 7.07005E-02 
5414.03 7.63285E-02 
5435.25 7.87875E-02 
5456.56 8.17644E-02 
5477.94 7.95701E-02 
5499.42 7.38427E-02 
5520.97 7.27898E-02 
5542.61 6.87112E-02 
5564.34 6.74941E-02 
5586.15 6.56717E-02 
5608.04 6.96686E-02 
5630.02 6.86066E-02 
5652.09 6.73032E-02 
5674.24 6.36507E-02 
5696.49 5.86770E-02 
5718.82 5.85709E-02 
5741.23 5.53363E-02 
5763.73 5.16077E-02 
5786.33 4.92957E-02 
5809.01 4.58331E-02 
5831.78 4.46286E-02 
5854.64 4.47445E-02 
5877.58 4.41524E-02 
5900.62 4.45527E-02 
5923.76 4.41069E-02 
5946.97 3.99940E-02 
5970.28 3.74330E-02 
5993.68 3.97944E-02 
6017.17 3.98402E-02 
6040.76 3.80410E-02 
6064.44 3.86077E-02 
6088.21 3.84832E-02 
6112.08 4.22941E-02 
6136.03 4.15646E-02 
6160.08 3.99369E-02 
6184.23 3.85496E-02 
6208.46 3.87505E-02 
6232.81 3.85434E-02 
6257.24 3.95502E-02 
6281.76 4.08350E-02 
6306.39 4.56076E-02 
6331.11 4.85929E-02 
6355.91 5.28269E-02 
6380.83 5.48052E-02 
6405.84 5.38270E-02 
6430.95 5.63180E-02 
6456.16 5.54939E-02 
6481.47 5.76677E-02 
6506.87 5.80178E-02 
6532.38 5.83960E-02 
6557.97 5.53297E-02 
6583.68 5.24165E-02 
6609.49 4.73288E-02 
6635.39 4.17515E-02 
6661.40 3.70846E-02 
6687.51 3.19677E-02 
6713.74 2.77411E-02 
6740.04 2.57203E-02 
6766.47 2.31781E-02 
6792.99 2.22716E-02 
6819.62 2.16765E-02 
6846.34 1.97144E-02 
6873.18 1.85715E-02 
6900.12 1.78875E-02 
6927.17 1.69748E-02 
6954.32 1.58256E-02 
6981.58 1.53605E-02 
7008.93 1.45684E-02 
7036.42 1.39039E-02 
7064.00 1.40823E-02 
7091.68 1.44550E-02 
7119.49 1.57663E-02 
7147.39 1.82632E-02 
7175.40 2.10581E-02 
7203.54 2.19379E-02 
7231.76 2.22476E-02 
7260.11 2.16226E-02 
7288.56 2.24159E-02 
7317.13 2.17360E-02 
7345.82 2.14469E-02 
7374.61 2.06431E-02 
7403.53 2.04593E-02 
7432.55 2.05445E-02 
7461.66 1.96201E-02 
7490.92 1.91957E-02 
7520.29 1.95305E-02 
7549.76 1.86338E-02 
7579.34 1.86333E-02 
7609.06 1.89388E-02 
7638.88 1.87502E-02 
7668.82 1.83899E-02 
7698.89 1.86275E-02 
7729.06 1.80919E-02 
7759.35 1.68917E-02 
7789.77 1.75956E-02 
7820.31 1.74208E-02 
7850.95 1.64775E-02 
7881.73 1.75967E-02 
7912.62 1.76059E-02 
7943.65 1.76053E-02 
7974.77 1.80792E-02 
8006.04 1.85055E-02 
8037.42 1.83351E-02 
8068.91 1.93038E-02 
8100.55 1.98269E-02 
8132.30 2.02854E-02 
8164.17 2.00707E-02 
8196.18 1.85780E-02 
8228.30 1.72750E-02 
8260.57 1.63707E-02 
8292.95 1.76145E-02 
8325.44 1.82348E-02 
8358.08 1.94238E-02 
8390.83 2.02227E-02 
8423.72 2.25960E-02 
8456.75 2.47360E-02 
8489.89 2.68188E-02 
8523.18 2.78614E-02 
8556.58 2.86831E-02 
8590.12 2.97611E-02 
8623.80 3.00907E-02 
8657.59 2.98017E-02 
8691.53 2.89827E-02 
8725.60 2.79990E-02 
8759.79 2.67265E-02 
8794.12 2.51525E-02 
8828.59 2.32246E-02 
8863.20 2.16120E-02 
8897.95 2.12915E-02 
8932.82 2.09122E-02 
8967.85 1.97716E-02 
9002.99 2.03768E-02 
9038.28 1.88519E-02 
9073.70 1.91169E-02 
9109.27 1.78004E-02 
9144.98 1.72005E-02 
9180.82 1.70610E-02 
9216.81 1.60831E-02 
9252.94 1.59377E-02 
9289.21 1.57452E-02 
9325.62 1.43459E-02 
9362.17 1.35125E-02 
9398.86 1.20875E-02 
9435.71 1.08835E-02 
9472.68 1.09129E-02 
 
 