3506.99 4.74354E-02
3520.74 5.50461E-02
3534.54 6.51473E-02
3548.39 7.26499E-02
3562.30 8.39054E-02
3576.26 8.90693E-02
3590.28 9.77433E-02
3604.35 1.02457E-01
3618.48 1.00673E-01
3632.67 8.81902E-02
3646.91 8.28439E-02
3661.20 8.72590E-02
3675.55 9.27867E-02
3689.96 1.03033E-01
3704.42 1.04086E-01
3718.94 1.04173E-01
3733.52 1.09814E-01
3748.16 1.19960E-01
3762.84 1.30792E-01
3777.59 1.28523E-01
3792.40 1.28586E-01
3807.27 1.16456E-01
3822.19 1.10261E-01
3837.17 1.03773E-01
3852.21 1.07408E-01
3867.31 1.08883E-01
3882.47 1.05483E-01
3897.69 1.06063E-01
3912.96 9.99674E-02
3928.30 9.01019E-02
3943.70 9.14660E-02
3959.16 1.01718E-01
3974.68 1.06305E-01
3990.26 1.02695E-01
4005.90 1.00861E-01
4021.60 9.36406E-02
4037.36 9.09365E-02
4053.19 9.53862E-02
4069.08 1.01138E-01
4085.02 9.47559E-02
4101.04 9.14380E-02
4117.11 8.78806E-02
4133.25 9.10727E-02
4149.45 8.89957E-02
4165.72 9.18965E-02
4182.05 9.32088E-02
4198.43 8.85648E-02
4214.89 8.52097E-02
4231.41 8.09553E-02
4248.00 7.38266E-02
4264.65 7.06321E-02
4281.37 6.62120E-02
4298.15 6.53322E-02
4314.99 6.90353E-02
4331.91 7.49690E-02
4348.89 7.69647E-02
4365.93 7.68341E-02
4383.05 7.62327E-02
4400.23 7.21813E-02
4417.48 6.93806E-02
4434.79 7.02459E-02
4452.17 7.05039E-02
4469.62 7.72224E-02
4487.15 7.76961E-02
4504.73 8.51661E-02
4522.39 8.67058E-02
4540.12 9.65840E-02
4557.91 9.63520E-02
4575.78 9.60053E-02
4593.71 8.97354E-02
4611.72 8.33855E-02
4629.79 8.64745E-02
4647.95 8.17580E-02
4666.16 8.32381E-02
4684.45 8.08293E-02
4702.81 7.92694E-02
4721.25 7.82776E-02
4739.75 7.17264E-02
4758.33 7.08601E-02
4776.98 6.91060E-02
4795.70 7.28435E-02
4814.50 7.33880E-02
4833.37 7.06614E-02
4852.32 6.76062E-02
4871.34 6.87481E-02
4890.43 6.64019E-02
4909.60 6.44606E-02
4928.84 6.45216E-02
4948.16 6.17117E-02
4967.56 5.46236E-02
4987.03 5.25429E-02
5006.58 4.99849E-02
5026.20 5.23589E-02
5045.91 5.07513E-02
5065.68 5.48671E-02
5085.54 6.05816E-02
5105.47 6.27161E-02
5125.48 6.37561E-02
5145.57 6.76662E-02
5165.75 6.87788E-02
5185.99 6.71502E-02
5206.32 7.11648E-02
5226.73 6.76733E-02
5247.22 7.09581E-02
5267.78 6.56151E-02
5288.43 6.13006E-02
5309.16 6.04839E-02
5329.97 5.83210E-02
5350.86 5.94766E-02
5371.84 6.01331E-02
5392.89 6.19356E-02
5414.03 5.74964E-02
5435.25 5.70325E-02
5456.56 5.64129E-02
5477.94 5.45678E-02
5499.42 5.40748E-02
5520.97 5.52700E-02
5542.61 5.77048E-02
5564.34 6.16383E-02
5586.15 6.12417E-02
5608.04 6.12259E-02
5630.02 6.10800E-02
5652.09 5.99830E-02
5674.24 5.86316E-02
5696.49 5.68670E-02
5718.82 5.42463E-02
5741.23 5.15168E-02
5763.73 4.86241E-02
5786.33 4.91420E-02
5809.01 4.79943E-02
5831.78 4.97262E-02
5854.64 4.87295E-02
5877.58 4.72159E-02
5900.62 4.93930E-02
5923.76 4.72879E-02
5946.97 4.68784E-02
5970.28 4.30263E-02
5993.68 4.09615E-02
6017.17 4.08958E-02
6040.76 3.98624E-02
6064.44 4.01519E-02
6088.21 3.68155E-02
6112.08 3.56998E-02
6136.03 3.16709E-02
6160.08 3.17737E-02
6184.23 3.15365E-02
6208.46 3.06198E-02
6232.81 3.29461E-02
6257.24 3.48564E-02
6281.76 3.21767E-02
6306.39 3.42675E-02
6331.11 3.28650E-02
6355.91 3.42924E-02
6380.83 3.22926E-02
6405.84 3.04247E-02
6430.95 3.28639E-02
6456.16 3.45483E-02
6481.47 3.68669E-02
6506.87 3.93193E-02
6532.38 3.94993E-02
6557.97 3.92621E-02
6583.68 3.75316E-02
6609.49 3.57173E-02
6635.39 3.31082E-02
6661.40 3.26821E-02
6687.51 3.14056E-02
6713.74 2.97226E-02
6740.04 2.79314E-02
6766.47 2.73267E-02
6792.99 2.57168E-02
6819.62 2.60786E-02
6846.34 2.43891E-02
6873.18 2.16539E-02
6900.12 2.05790E-02
6927.17 2.04305E-02
6954.32 2.12935E-02
6981.58 1.90875E-02
7008.93 1.79195E-02
7036.42 1.82192E-02
7064.00 1.90923E-02
7091.68 2.12615E-02
7119.49 2.23166E-02
7147.39 2.38113E-02
7175.40 2.35605E-02
7203.54 2.22797E-02
7231.76 2.23574E-02
7260.11 2.14095E-02
7288.56 1.87945E-02
7317.13 1.79999E-02
7345.82 1.79336E-02
7374.61 1.72550E-02
7403.53 1.62534E-02
7432.55 1.56955E-02
7461.66 1.47413E-02
7490.92 1.50284E-02
7520.29 1.51000E-02
7549.76 1.53717E-02
7579.34 1.53931E-02
7609.06 1.57838E-02
7638.88 1.40063E-02
7668.82 1.40066E-02
7698.89 1.38703E-02
7729.06 1.36442E-02
7759.35 1.34333E-02
7789.77 1.26311E-02
7820.31 1.31392E-02
7850.95 1.24946E-02
7881.73 1.37580E-02
7912.62 1.38346E-02
7943.65 1.37520E-02
7974.77 1.39224E-02
8006.04 1.31874E-02
8037.42 1.44027E-02
8068.91 1.45572E-02
8100.55 1.37244E-02
8132.30 1.48118E-02
8164.17 1.48265E-02
8196.18 1.49143E-02
8228.30 1.44582E-02
8260.57 1.37029E-02
8292.95 1.44990E-02
8325.44 1.41523E-02
8358.08 1.49701E-02
8390.83 1.53156E-02
8423.72 1.54179E-02
8456.75 1.55868E-02
8489.89 1.48238E-02
8523.18 1.44161E-02
8556.58 1.39785E-02
8590.12 1.36038E-02
8623.80 1.30363E-02
8657.59 1.20981E-02
8691.53 1.19437E-02
8725.60 1.14107E-02
8759.79 1.06003E-02
8794.12 1.08840E-02
8828.59 9.34828E-03
8863.20 1.01154E-02
8897.95 9.69573E-03
8932.82 9.56752E-03
8967.85 9.49952E-03
9002.99 9.12498E-03
9038.28 9.10554E-03
9073.70 9.32778E-03
9109.27 1.01235E-02
9144.98 1.01878E-02
9180.82 1.01272E-02
9216.81 9.50013E-03
9252.94 1.01519E-02
9289.21 8.95128E-03
9325.62 8.69610E-03
9362.17 7.96191E-03
9398.86 7.55090E-03
9435.71 6.82498E-03
9472.68 6.73586E-03
 
 