3506.99 5.41060E-02
3520.74 5.82937E-02
3534.54 6.88639E-02
3548.39 6.63802E-02
3562.30 7.05803E-02
3576.26 7.38444E-02
3590.28 8.23354E-02
3604.35 8.56675E-02
3618.48 8.22087E-02
3632.67 7.89685E-02
3646.91 7.59904E-02
3661.20 7.11032E-02
3675.55 7.38079E-02
3689.96 8.00793E-02
3704.42 8.27249E-02
3718.94 7.76823E-02
3733.52 7.94129E-02
3748.16 8.38939E-02
3762.84 8.88658E-02
3777.59 8.73982E-02
3792.40 8.13578E-02
3807.27 7.95228E-02
3822.19 8.27057E-02
3837.17 7.83598E-02
3852.21 7.91013E-02
3867.31 7.77503E-02
3882.47 7.94340E-02
3897.69 8.16171E-02
3912.96 7.90050E-02
3928.30 7.24412E-02
3943.70 7.20361E-02
3959.16 6.94248E-02
3974.68 7.55490E-02
3990.26 7.17282E-02
4005.90 6.96049E-02
4021.60 6.85009E-02
4037.36 6.62926E-02
4053.19 7.04928E-02
4069.08 7.28312E-02
4085.02 7.19427E-02
4101.04 6.81179E-02
4117.11 5.95195E-02
4133.25 6.33320E-02
4149.45 5.97043E-02
4165.72 6.18830E-02
4182.05 5.84631E-02
4198.43 5.61357E-02
4214.89 5.21534E-02
4231.41 5.14439E-02
4248.00 4.88110E-02
4264.65 4.56786E-02
4281.37 4.45476E-02
4298.15 4.91048E-02
4314.99 5.21981E-02
4331.91 5.62753E-02
4348.89 6.05509E-02
4365.93 6.07319E-02
4383.05 6.16156E-02
4400.23 5.76192E-02
4417.48 5.41334E-02
4434.79 5.35325E-02
4452.17 5.48135E-02
4469.62 5.34121E-02
4487.15 5.60313E-02
4504.73 5.58753E-02
4522.39 5.82090E-02
4540.12 6.04703E-02
4557.91 5.88339E-02
4575.78 5.56157E-02
4593.71 5.37116E-02
4611.72 5.18735E-02
4629.79 5.60279E-02
4647.95 5.50432E-02
4666.16 5.69922E-02
4684.45 5.50287E-02
4702.81 5.22115E-02
4721.25 5.22891E-02
4739.75 4.85606E-02
4758.33 4.75323E-02
4776.98 4.58824E-02
4795.70 4.79639E-02
4814.50 4.65945E-02
4833.37 4.66939E-02
4852.32 4.47194E-02
4871.34 4.58246E-02
4890.43 4.14358E-02
4909.60 3.94709E-02
4928.84 3.64455E-02
4948.16 3.73779E-02
4967.56 3.43072E-02
4987.03 3.35278E-02
5006.58 3.16040E-02
5026.20 3.28600E-02
5045.91 3.43335E-02
5065.68 3.85060E-02
5085.54 4.24462E-02
5105.47 4.08508E-02
5125.48 4.26420E-02
5145.57 4.26893E-02
5165.75 4.11048E-02
5185.99 4.26015E-02
5206.32 4.37292E-02
5226.73 4.26812E-02
5247.22 4.11440E-02
5267.78 3.89548E-02
5288.43 3.85297E-02
5309.16 3.77150E-02
5329.97 3.62392E-02
5350.86 3.52430E-02
5371.84 3.60182E-02
5392.89 3.50318E-02
5414.03 3.24981E-02
5435.25 3.37370E-02
5456.56 3.39092E-02
5477.94 3.41684E-02
5499.42 3.50349E-02
5520.97 3.47558E-02
5542.61 3.70690E-02
5564.34 3.68398E-02
5586.15 3.70349E-02
5608.04 3.65970E-02
5630.02 4.04531E-02
5652.09 3.93817E-02
5674.24 3.73535E-02
5696.49 3.47503E-02
5718.82 3.29149E-02
5741.23 3.36976E-02
5763.73 3.14904E-02
5786.33 3.23711E-02
5809.01 2.97523E-02
5831.78 3.14235E-02
5854.64 3.20514E-02
5877.58 3.21679E-02
5900.62 2.97949E-02
5923.76 3.04137E-02
5946.97 2.96748E-02
5970.28 2.75412E-02
5993.68 2.65598E-02
6017.17 2.57557E-02
6040.76 2.59664E-02
6064.44 2.44340E-02
6088.21 2.41316E-02
6112.08 2.40043E-02
6136.03 2.24376E-02
6160.08 2.07902E-02
6184.23 2.06860E-02
6208.46 1.95767E-02
6232.81 2.00265E-02
6257.24 2.09094E-02
6281.76 2.06086E-02
6306.39 2.19038E-02
6331.11 2.10135E-02
6355.91 1.89208E-02
6380.83 1.90939E-02
6405.84 2.06357E-02
6430.95 2.09284E-02
6456.16 2.19048E-02
6481.47 2.30709E-02
6506.87 2.30469E-02
6532.38 2.41114E-02
6557.97 2.31393E-02
6583.68 2.17841E-02
6609.49 2.37384E-02
6635.39 2.21759E-02
6661.40 2.17455E-02
6687.51 2.03049E-02
6713.74 1.96553E-02
6740.04 1.98238E-02
6766.47 1.76906E-02
6792.99 1.77840E-02
6819.62 1.64352E-02
6846.34 1.67415E-02
6873.18 1.56014E-02
6900.12 1.61004E-02
6927.17 1.50209E-02
6954.32 1.47977E-02
6981.58 1.42699E-02
7008.93 1.27596E-02
7036.42 1.30375E-02
7064.00 1.43262E-02
7091.68 1.50636E-02
7119.49 1.50457E-02
7147.39 1.51462E-02
7175.40 1.49661E-02
7203.54 1.50220E-02
7231.76 1.51241E-02
7260.11 1.31890E-02
7288.56 1.27807E-02
7317.13 1.12149E-02
7345.82 1.19121E-02
7374.61 1.11987E-02
7403.53 1.20148E-02
7432.55 1.14510E-02
7461.66 1.20332E-02
7490.92 1.08879E-02
7520.29 1.19437E-02
7549.76 1.05636E-02
7579.34 1.08497E-02
7609.06 1.09304E-02
7638.88 1.05737E-02
7668.82 9.91948E-03
7698.89 8.84377E-03
7729.06 9.62192E-03
7759.35 9.32279E-03
7789.77 9.13455E-03
7820.31 9.20011E-03
7850.95 8.84167E-03
7881.73 8.77430E-03
7912.62 9.17527E-03
7943.65 1.00858E-02
7974.77 9.22334E-03
8006.04 8.64926E-03
8037.42 9.40373E-03
8068.91 8.79849E-03
8100.55 9.68658E-03
8132.30 1.01214E-02
8164.17 9.45439E-03
8196.18 1.01120E-02
8228.30 1.03523E-02
8260.57 1.02302E-02
8292.95 1.02588E-02
8325.44 1.03016E-02
8358.08 1.09863E-02
8390.83 1.07911E-02
8423.72 1.09065E-02
8456.75 9.89086E-03
8489.89 9.27171E-03
8523.18 8.66794E-03
8556.58 8.62800E-03
8590.12 8.28607E-03
8623.80 8.61467E-03
8657.59 7.47683E-03
8691.53 7.06151E-03
8725.60 7.24815E-03
8759.79 6.73438E-03
8794.12 6.95356E-03
8828.59 7.53804E-03
8863.20 6.11310E-03
8897.95 5.91974E-03
8932.82 6.58219E-03
8967.85 6.21930E-03
9002.99 5.55727E-03
9038.28 6.22867E-03
9073.70 6.96212E-03
9109.27 5.87191E-03
9144.98 6.34836E-03
9180.82 6.59844E-03
9216.81 6.07210E-03
9252.94 6.17293E-03
9289.21 5.85306E-03
9325.62 5.34756E-03
9362.17 4.83590E-03
9398.86 5.18259E-03
9435.71 4.69175E-03
9472.68 5.05304E-03
 
 