3506.99 5.10242E-02
3520.74 6.11138E-02
3534.54 6.71921E-02
3548.39 7.32737E-02
3562.30 8.03757E-02
3576.26 8.88755E-02
3590.28 9.49084E-02
3604.35 1.00480E-01
3618.48 9.46785E-02
3632.67 8.86609E-02
3646.91 8.38971E-02
3661.20 8.26596E-02
3675.55 8.88848E-02
3689.96 9.69439E-02
3704.42 9.98658E-02
3718.94 9.97027E-02
3733.52 1.01527E-01
3748.16 1.13401E-01
3762.84 1.16684E-01
3777.59 1.25008E-01
3792.40 1.13942E-01
3807.27 1.11035E-01
3822.19 1.02484E-01
3837.17 1.02421E-01
3852.21 1.02071E-01
3867.31 9.89024E-02
3882.47 1.01320E-01
3897.69 1.03073E-01
3912.96 9.29081E-02
3928.30 8.65879E-02
3943.70 9.04534E-02
3959.16 9.57451E-02
3974.68 9.73246E-02
3990.26 9.38619E-02
4005.90 9.50300E-02
4021.60 8.77705E-02
4037.36 8.97310E-02
4053.19 9.24622E-02
4069.08 9.60753E-02
4085.02 9.07506E-02
4101.04 8.74997E-02
4117.11 8.46401E-02
4133.25 8.20489E-02
4149.45 8.06562E-02
4165.72 8.48571E-02
4182.05 8.55113E-02
4198.43 7.82554E-02
4214.89 7.72920E-02
4231.41 7.40421E-02
4248.00 6.84719E-02
4264.65 6.56601E-02
4281.37 5.82413E-02
4298.15 6.22617E-02
4314.99 6.57768E-02
4331.91 6.84349E-02
4348.89 7.11463E-02
4365.93 7.60495E-02
4383.05 7.60588E-02
4400.23 7.16903E-02
4417.48 6.74541E-02
4434.79 6.75324E-02
4452.17 6.95519E-02
4469.62 7.33931E-02
4487.15 7.48930E-02
4504.73 8.04272E-02
4522.39 7.89317E-02
4540.12 8.43412E-02
4557.91 8.56512E-02
4575.78 7.97847E-02
4593.71 7.52244E-02
4611.72 7.25674E-02
4629.79 7.65963E-02
4647.95 7.70602E-02
4666.16 7.23899E-02
4684.45 7.36934E-02
4702.81 7.42536E-02
4721.25 7.26819E-02
4739.75 6.67558E-02
4758.33 6.58283E-02
4776.98 6.51542E-02
4795.70 6.57189E-02
4814.50 6.56582E-02
4833.37 6.38098E-02
4852.32 6.36197E-02
4871.34 6.30660E-02
4890.43 6.13550E-02
4909.60 5.71537E-02
4928.84 5.53861E-02
4948.16 5.22178E-02
4967.56 4.85876E-02
4987.03 4.71565E-02
5006.58 4.51025E-02
5026.20 4.74803E-02
5045.91 4.81517E-02
5065.68 5.03099E-02
5085.54 5.61830E-02
5105.47 5.57343E-02
5125.48 6.02369E-02
5145.57 5.96615E-02
5165.75 6.00975E-02
5185.99 6.18147E-02
5206.32 6.43195E-02
5226.73 6.34572E-02
5247.22 5.97736E-02
5267.78 5.89510E-02
5288.43 5.42332E-02
5309.16 5.41550E-02
5329.97 5.25892E-02
5350.86 5.23062E-02
5371.84 5.49610E-02
5392.89 5.24943E-02
5414.03 5.28645E-02
5435.25 4.93305E-02
5456.56 5.06765E-02
5477.94 4.84912E-02
5499.42 4.99425E-02
5520.97 5.10096E-02
5542.61 5.32449E-02
5564.34 5.58640E-02
5586.15 5.50165E-02
5608.04 5.55375E-02
5630.02 5.49975E-02
5652.09 5.38318E-02
5674.24 5.05918E-02
5696.49 5.11504E-02
5718.82 4.88855E-02
5741.23 4.69186E-02
5763.73 4.52397E-02
5786.33 4.51241E-02
5809.01 4.50935E-02
5831.78 4.50342E-02
5854.64 4.38236E-02
5877.58 4.37483E-02
5900.62 4.22908E-02
5923.76 4.22588E-02
5946.97 4.00066E-02
5970.28 4.05679E-02
5993.68 3.94621E-02
6017.17 3.73196E-02
6040.76 3.57429E-02
6064.44 3.44681E-02
6088.21 3.28086E-02
6112.08 3.08264E-02
6136.03 2.93601E-02
6160.08 2.76068E-02
6184.23 2.86577E-02
6208.46 2.78461E-02
6232.81 2.87393E-02
6257.24 2.98598E-02
6281.76 2.96964E-02
6306.39 3.10633E-02
6331.11 2.99716E-02
6355.91 2.83601E-02
6380.83 2.75227E-02
6405.84 2.92896E-02
6430.95 2.90572E-02
6456.16 3.05717E-02
6481.47 3.31424E-02
6506.87 3.35366E-02
6532.38 3.37494E-02
6557.97 3.31401E-02
6583.68 3.45928E-02
6609.49 3.23804E-02
6635.39 3.09231E-02
6661.40 2.97815E-02
6687.51 2.80851E-02
6713.74 2.58074E-02
6740.04 2.56753E-02
6766.47 2.58477E-02
6792.99 2.47268E-02
6819.62 2.25926E-02
6846.34 2.18019E-02
6873.18 1.98049E-02
6900.12 1.95907E-02
6927.17 1.97288E-02
6954.32 1.99703E-02
6981.58 1.76356E-02
7008.93 1.73120E-02
7036.42 1.77761E-02
7064.00 1.85655E-02
7091.68 1.93386E-02
7119.49 2.02062E-02
7147.39 2.16964E-02
7175.40 2.15373E-02
7203.54 2.05428E-02
7231.76 1.99873E-02
7260.11 1.76143E-02
7288.56 1.77835E-02
7317.13 1.65409E-02
7345.82 1.61297E-02
7374.61 1.55083E-02
7403.53 1.46073E-02
7432.55 1.44929E-02
7461.66 1.42266E-02
7490.92 1.39447E-02
7520.29 1.33938E-02
7549.76 1.31261E-02
7579.34 1.32889E-02
7609.06 1.32309E-02
7638.88 1.32211E-02
7668.82 1.32937E-02
7698.89 1.26220E-02
7729.06 1.31193E-02
7759.35 1.21716E-02
7789.77 1.26807E-02
7820.31 1.22373E-02
7850.95 1.23138E-02
7881.73 1.23182E-02
7912.62 1.22881E-02
7943.65 1.24589E-02
7974.77 1.22792E-02
8006.04 1.31888E-02
8037.42 1.25327E-02
8068.91 1.25771E-02
8100.55 1.31555E-02
8132.30 1.26361E-02
8164.17 1.24801E-02
8196.18 1.32174E-02
8228.30 1.36682E-02
8260.57 1.35351E-02
8292.95 1.28216E-02
8325.44 1.24982E-02
8358.08 1.37364E-02
8390.83 1.38337E-02
8423.72 1.44298E-02
8456.75 1.40796E-02
8489.89 1.40736E-02
8523.18 1.28851E-02
8556.58 1.26670E-02
8590.12 1.14997E-02
8623.80 1.14263E-02
8657.59 1.08960E-02
8691.53 9.69379E-03
8725.60 9.99032E-03
8759.79 9.40401E-03
8794.12 9.33980E-03
8828.59 9.06147E-03
8863.20 9.15639E-03
8897.95 9.07592E-03
8932.82 8.21379E-03
8967.85 7.87725E-03
9002.99 8.13336E-03
9038.28 8.09097E-03
9073.70 8.94512E-03
9109.27 8.13823E-03
9144.98 8.82881E-03
9180.82 9.06496E-03
9216.81 8.65026E-03
9252.94 8.37408E-03
9289.21 8.30270E-03
9325.62 8.03965E-03
9362.17 6.44972E-03
9398.86 7.11458E-03
9435.71 6.78952E-03
9472.68 6.62324E-03
 
 